date,open,high,low,close,adjClose,volume,unadjustedVolume,change,changePercent,vwap,label,changeOverTime,Symbol
2023-07-11,48.41,48.75,48.24,48.63,48.630001,652736,641338,0.22,0.45445,48.51,"July 11, 23",0.0045445,GLPI
2023-07-10,47.75,48.46,47.68,48.35,48.349998,712961,713000,0.6,1.26,48.25,"July 10, 23",0.0126,GLPI
2023-07-07,47.13,48.25,47.1,47.95,47.950001,934928,934900,0.82,1.74,47.92,"July 07, 23",0.0174,GLPI
2023-07-06,47.73,47.785,46.79,47.35,47.349998,1093159,1092900,-0.38,-0.79614,47.3,"July 06, 23",-0.0079614,GLPI
2023-07-05,48.17,48.77,47.8,48.15,48.150002,1376801,1376800,-0.02,-0.04151962,48.29,"July 05, 23",-0.0004151962,GLPI
2023-07-03,48.57,49.45,48.54,48.98,48.98,441853,441900,0.41,0.84414,49.12,"July 03, 23",0.0084414,GLPI
2023-06-30,48.99,48.99,47.73,48.46,48.459999,1851925,1851900,-0.53,-1.08,48.32,"June 30, 23",-0.0108,GLPI
2023-06-29,47.54,48.585,47.44,48.56,48.560001,1058556,1058600,1.02,2.15,48.3,"June 29, 23",0.0215,GLPI
2023-06-28,47.93,47.93,47.45,47.6,47.599998,1351020,1351000,-0.33,-0.6885,47.59,"June 28, 23",-0.006885,GLPI
2023-06-27,47.9,48.02,47.67,47.71,47.709999,1264383,1264400,-0.19,-0.39666,47.82,"June 27, 23",-0.0039666,GLPI
2023-06-26,47.24,48.07,47.13,47.9,47.900002,1279023,1279000,0.66,1.4,47.89,"June 26, 23",0.014,GLPI
2023-06-23,48.22,48.22,47.11,47.22,47.220001,1737573,1737600,-1.0,-2.07,47.37,"June 23, 23",-0.0207,GLPI
2023-06-22,48.81,49.01,47.855,48.17,48.169998,696666,696700,-0.64,-1.31,48.14,"June 22, 23",-0.0131,GLPI
2023-06-21,48.84,48.92,48.47,48.71,48.709999,714568,714600,-0.13,-0.26618,48.68,"June 21, 23",-0.0026618,GLPI
2023-06-20,49.65,49.65,48.67,49.05,49.049999,962814,962800,-0.6,-1.21,49.07,"June 20, 23",-0.0121,GLPI
2023-06-16,50.03,50.395,49.59,49.83,49.830002,1687090,1687100,-0.2,-0.39976,49.85,"June 16, 23",-0.0039976,GLPI
2023-06-15,49.35,50.01,49.1723,49.95,49.950001,1174762,1174800,0.6,1.22,49.83,"June 15, 23",0.0122,GLPI
2023-06-14,49.9,50.59,49.78,50.13,49.410004,1052946,1052900,0.23,0.46092,50.15,"June 14, 23",0.0046092,GLPI
2023-06-13,49.5,49.83,49.33,49.56,48.84819,902257,902300,0.06,0.12121,49.52,"June 13, 23",0.0012121,GLPI
2023-06-12,49.76,49.86,49.15,49.46,48.749622,1097765,1097800,-0.3,-0.60289,49.46,"June 12, 23",-0.0060289,GLPI
2023-06-09,50.14,50.24,49.73,49.79,49.074886,563985,564000,-0.35,-0.69805,49.88,"June 09, 23",-0.0069805,GLPI
2023-06-08,50.09,50.21,49.73,50.13,49.410004,603969,604000,0.04,0.07985626,50.08,"June 08, 23",0.0007985626,GLPI
2023-06-07,49.68,50.415,49.595,50.28,49.557846,694236,694200,0.6,1.21,50.16,"June 07, 23",0.0121,GLPI
2023-06-06,49.64,49.95,49.46,49.6,48.887611,633770,633800,-0.04,-0.08058018,49.61,"June 06, 23",-0.0008058018,GLPI
2023-06-05,50.33,50.48,49.5478,49.61,48.897469,1249449,1249400,-0.72,-1.43,49.72,"June 05, 23",-0.0143,GLPI
2023-06-02,48.95,50.315,48.95,50.25,49.528278,1573739,1573700,1.3,2.66,49.98,"June 02, 23",0.0266,GLPI
2023-06-01,48.2,48.82,47.86,48.63,47.931545,1616284,1616300,0.43,0.89212,48.61,"June 01, 23",0.0089212,GLPI
2023-05-31,47.54,48.28,47.27,48.14,47.448582,1985937,1985900,0.6,1.26,48.01,"May 31, 23",0.0126,GLPI
2023-05-30,47.35,47.67,47.1108,47.53,46.847343,1299560,1299600,0.18,0.38015,47.46,"May 30, 23",0.0038015,GLPI
2023-05-26,46.86,47.24,46.78,47.08,46.403809,606219,606200,0.22,0.46948,47.05,"May 26, 23",0.0046948,GLPI
2023-05-25,47.1,47.23,46.57,46.83,46.157398,713917,713900,-0.27,-0.57325,46.87,"May 25, 23",-0.0057325,GLPI
2023-05-24,47.77,47.77,46.99,47.17,46.492512,733793,733800,-0.6,-1.26,47.28,"May 24, 23",-0.0126,GLPI
2023-05-23,48.3,48.49,47.81,47.86,47.172604,764383,764400,-0.44,-0.91097,48.1,"May 23, 23",-0.0091097,GLPI
2023-05-22,48.73,49.0,48.415,48.45,47.754131,1417731,1417700,-0.28,-0.57459,48.51,"May 22, 23",-0.0057459,GLPI
2023-05-19,49.0,49.21,48.34,48.62,47.921688,1035542,1035500,-0.38,-0.77551,48.78,"May 19, 23",-0.0077551,GLPI
2023-05-18,48.86,49.21,48.595,48.8,48.099102,1167511,1167500,-0.06,-0.1228,48.87,"May 18, 23",-0.001228,GLPI
2023-05-17,48.465,49.245,48.39,49.08,48.375084,1375017,1375000,0.615,1.27,48.92,"May 17, 23",0.0127,GLPI
2023-05-16,48.7,48.92,47.94,48.24,47.54715,2063397,2063400,-0.46,-0.94456,48.28,"May 16, 23",-0.0094456,GLPI
2023-05-15,49.19,49.52,48.25,48.7,48.000542,5584391,5584400,-0.49,-0.99614,48.64,"May 15, 23",-0.0099614,GLPI
2023-05-12,49.5,49.54,48.85,49.1,48.394794,2518828,2518800,-0.4,-0.80808,49.13,"May 12, 23",-0.0080808,GLPI
2023-05-11,50.52,50.52,49.411,49.51,48.798904,942740,942700,-1.01,-2.0,49.61,"May 11, 23",-0.02,GLPI
2023-05-10,51.09,51.31,50.45,50.79,50.060524,714526,714500,-0.3,-0.5872,50.79,"May 10, 23",-0.005872,GLPI
2023-05-09,51.1,51.21,50.84,50.94,50.208366,691494,691400,-0.16,-0.31311,51.02,"May 09, 23",-0.0031311,GLPI
2023-05-08,50.97,51.43,50.9,51.36,50.622337,1216152,1216200,0.39,0.76516,51.26,"May 08, 23",0.0076516,GLPI
2023-05-05,50.72,51.3227,50.72,51.05,50.316788,529086,529100,0.33,0.65063,51.13,"May 05, 23",0.0065063,GLPI
2023-05-04,50.37,50.64,49.62,50.55,49.823967,791493,791500,0.18,0.35736,50.31,"May 04, 23",0.0035736,GLPI
2023-05-03,50.91,51.03,50.01,50.39,49.666267,2307940,2307900,-0.52,-1.02,50.37,"May 03, 23",-0.0102,GLPI
2023-05-02,51.85,51.91,50.62,50.78,50.050663,1000348,1000300,-1.07,-2.06,50.89,"May 02, 23",-0.0206,GLPI
2023-05-01,51.92,52.305,51.76,52.03,51.282711,856799,856800,0.11,0.21186,52.09,"May 01, 23",0.0021186,GLPI
2023-04-28,51.34,52.2999,51.1,52.0,51.253143,1139984,1140000,0.66,1.29,51.92,"April 28, 23",0.0129,GLPI
2023-04-27,50.62,51.645,50.62,51.46,50.720898,618131,618100,0.84,1.66,51.3,"April 27, 23",0.0166,GLPI
2023-04-26,51.27,51.54,50.75,50.82,50.090092,733745,733700,-0.45,-0.87771,50.96,"April 26, 23",-0.0087771,GLPI
2023-04-25,51.25,51.4195,51.02,51.18,50.44492,511611,511600,-0.07,-0.13659,51.19,"April 25, 23",-0.0013659,GLPI
2023-04-24,51.85,51.92,51.2,51.57,50.829319,598229,598200,-0.28,-0.54002,51.55,"April 24, 23",-0.0054002,GLPI
2023-04-21,52.28,52.45,51.63,51.85,51.105297,738637,738600,-0.43,-0.82249,51.87,"April 21, 23",-0.0082249,GLPI
2023-04-20,51.49,52.21,51.34,52.19,51.440414,1202575,1202600,0.7,1.36,51.99,"April 20, 23",0.0136,GLPI
2023-04-19,51.38,51.72,51.225,51.59,50.849033,484885,484900,0.21,0.40872,51.53,"April 19, 23",0.0040872,GLPI
2023-04-18,51.57,51.95,51.47,51.62,50.878601,860289,860300,0.05,0.09695559,51.66,"April 18, 23",0.0009695559,GLPI
2023-04-17,50.86,51.66,50.77,51.66,50.918026,641476,641500,0.8,1.57,51.38,"April 17, 23",0.0157,GLPI
2023-04-14,51.69,51.81,50.58,50.85,50.119659,611269,611300,-0.84,-1.63,51.0,"April 14, 23",-0.0163,GLPI
2023-04-13,51.01,51.595,50.845,51.45,50.711044,617048,617000,0.44,0.86258,51.36,"April 13, 23",0.0086258,GLPI
2023-04-12,51.53,51.785,51.07,51.1,50.36607,730741,730700,-0.43,-0.83447,51.36,"April 12, 23",-0.0083447,GLPI
2023-04-11,51.63,51.65,51.01,51.24,50.504059,1132749,1132700,-0.39,-0.75537,51.28,"April 11, 23",-0.0075537,GLPI
2023-04-10,51.42,51.56,51.07,51.54,50.799751,740376,740300,0.12,0.23337,51.44,"April 10, 23",0.0023337,GLPI
2023-04-06,51.21,51.37,50.97,51.31,50.573055,646421,646400,0.1,0.19527,51.21,"April 06, 23",0.0019527,GLPI
2023-04-05,51.35,51.55,51.0,51.08,50.346359,560657,560700,-0.27,-0.5258,51.19,"April 05, 23",-0.005258,GLPI
2023-04-04,51.6,51.6,50.96,51.34,50.602623,782988,783000,-0.26,-0.50388,51.26,"April 04, 23",-0.0050388,GLPI
2023-04-03,51.99,52.28,51.25,51.52,50.780037,805920,805900,-0.47,-0.90402,51.61,"April 03, 23",-0.0090402,GLPI
2023-03-31,51.16,52.11,51.09,52.06,51.312283,1184169,1184200,0.9,1.76,51.86,"March 31, 23",0.0176,GLPI
2023-03-30,50.8,50.995,50.61,50.91,50.178799,563996,564000,0.11,0.21654,50.82,"March 30, 23",0.0021654,GLPI
2023-03-29,50.32,50.625,50.28,50.55,49.823967,669057,669100,0.23,0.45707,50.5,"March 29, 23",0.0045707,GLPI
2023-03-28,49.48,50.17,49.4401,50.02,49.301582,966621,966600,0.54,1.09,49.98,"March 28, 23",0.0109,GLPI
2023-03-27,49.8,50.03,49.48,49.58,48.867901,797837,797800,-0.22,-0.44177,49.66,"March 27, 23",-0.0044177,GLPI
2023-03-24,48.53,49.65,47.83,49.52,48.808762,1047049,1047000,0.99,2.04,49.04,"March 24, 23",0.0204,GLPI
2023-03-23,49.06,49.64,48.3,48.53,47.832981,766441,766400,-0.53,-1.08,48.79,"March 23, 23",-0.0108,GLPI
2023-03-22,50.08,50.1699,48.7,48.78,48.079388,937102,937000,-1.3,-2.6,49.41,"March 22, 23",-0.026,GLPI
2023-03-21,50.72,51.22,50.53,50.56,49.833828,1218574,1218500,-0.16,-0.31546,50.75,"March 21, 23",-0.0031546,GLPI
2023-03-20,49.99,50.56,49.88,50.36,49.6367,1873486,1873500,0.37,0.74015,50.32,"March 20, 23",0.0074015,GLPI
2023-03-17,49.96,50.105,49.515,49.8,49.08474,1772922,1772900,-0.16,-0.32026,49.83,"March 17, 23",-0.0032026,GLPI
2023-03-16,49.89,50.65,49.72,50.22,49.498711,1502900,1502900,0.33,0.66146,50.24,"March 16, 23",0.0066146,GLPI
2023-03-15,50.51,50.6,49.49,50.24,49.518421,1403926,1403900,-0.27,-0.53455,50.09,"March 15, 23",-0.0053455,GLPI
2023-03-14,50.87,51.3,50.43,50.78,50.050663,1777154,1777200,-0.09,-0.17692,50.84,"March 14, 23",-0.0017692,GLPI
2023-03-13,50.0,50.705,49.84,50.43,49.705692,1807975,1807900,0.43,0.86,50.38,"March 13, 23",0.0086,GLPI
2023-03-10,51.87,51.905,49.94,50.5,49.774689,1742132,1742100,-1.37,-2.64,50.59,"March 10, 23",-0.0264,GLPI
2023-03-09,52.86,53.34,51.51,51.69,50.947594,1738233,1738200,-1.17,-2.21,52.21,"March 09, 23",-0.0221,GLPI
2023-03-08,53.91,54.39,53.9,54.34,52.603466,1308030,1308000,0.43,0.79763,54.23,"March 08, 23",0.0079763,GLPI
2023-03-07,54.63,54.68,53.91,54.06,52.332417,758279,758300,-0.57,-1.04,54.16,"March 07, 23",-0.0104,GLPI
2023-03-06,55.0,55.13,54.51,54.56,52.816437,736440,736400,-0.44,-0.8,54.82,"March 06, 23",-0.008,GLPI
2023-03-03,54.64,54.99,54.55,54.92,53.164928,1008358,1008400,0.28,0.51245,54.81,"March 03, 23",0.0051245,GLPI
2023-03-02,54.01,54.71,53.71,54.64,52.893879,1015345,1015300,0.63,1.17,54.36,"March 02, 23",0.0117,GLPI
2023-03-01,53.64,54.04,53.26,53.91,52.18721,907249,907200,0.27,0.50336,53.78,"March 01, 23",0.0050336,GLPI
2023-02-28,53.71,54.305,53.54,53.88,52.158169,2004025,2004000,0.17,0.31651,53.86,"February 28, 23",0.0031651,GLPI
2023-02-27,53.33,54.3,53.22,53.76,52.041996,1269857,1269900,0.43,0.8063,53.79,"February 27, 23",0.008063,GLPI
2023-02-24,53.39,53.9,52.24,52.77,51.083641,1526583,1526600,-0.62,-1.16,52.74,"February 24, 23",-0.0116,GLPI
2023-02-23,53.06,53.52,52.44,52.5,50.822266,1597019,1596900,-0.56,-1.06,52.77,"February 23, 23",-0.0106,GLPI
2023-02-22,52.67,53.145,52.56,52.81,51.12236,1829340,1829300,0.14,0.26581,52.81,"February 22, 23",0.0026581,GLPI
2023-02-21,52.6,52.81,52.135,52.52,50.841629,875962,876000,-0.08,-0.15209,52.42,"February 21, 23",-0.0015209,GLPI
2023-02-17,52.9,52.96,52.35,52.68,50.996517,1579139,1579100,-0.22,-0.41588,52.65,"February 17, 23",-0.0041588,GLPI
2023-02-16,52.55,53.185,52.54,52.85,51.161083,891527,891500,0.3,0.57088,52.95,"February 16, 23",0.0057088,GLPI
2023-02-15,52.75,53.5597,52.5413,53.25,51.548302,757701,757700,0.5,0.94787,53.27,"February 15, 23",0.0094787,GLPI
2023-02-14,53.75,53.88,52.995,53.19,51.490211,976114,976100,-0.56,-1.04,53.24,"February 14, 23",-0.0104,GLPI
2023-02-13,53.99,54.0,53.64,53.74,52.022644,877711,877700,-0.25,-0.46305,53.79,"February 13, 23",-0.0046305,GLPI
2023-02-10,53.34,53.89,53.13,53.68,51.964558,1360348,1360300,0.34,0.63742,53.52,"February 10, 23",0.0063742,GLPI
2023-02-09,53.75,53.93,53.18,53.26,51.55798,717089,717100,-0.49,-0.91163,53.4,"February 09, 23",-0.0091163,GLPI
2023-02-08,53.41,53.91,53.28,53.31,51.606384,444266,444300,-0.1,-0.18723,53.43,"February 08, 23",-0.0018723,GLPI
2023-02-07,53.59,53.91,53.2,53.67,51.954876,798400,798400,0.08,0.14928,53.59,"February 07, 23",0.0014928,GLPI
2023-02-06,53.46,53.98,53.07,53.9,52.177528,786971,787000,0.44,0.82305,53.7,"February 06, 23",0.0082305,GLPI
2023-02-03,53.52,53.82,53.06,53.82,52.100082,906652,906600,0.3,0.56054,53.54,"February 03, 23",0.0056054,GLPI
2023-02-02,53.8,54.46,53.43,53.77,52.051682,1025282,1025300,-0.03,-0.05576208,53.88,"February 02, 23",-0.0005576208,GLPI
2023-02-01,53.29,54.23,53.07,53.7,51.983917,1183609,1183400,0.41,0.76938,53.63,"February 01, 23",0.0076938,GLPI
2023-01-31,53.0,53.63,52.61,53.56,51.848392,1242917,1242900,0.56,1.06,53.44,"January 31, 23",0.0106,GLPI
2023-01-30,52.91,53.14,52.6,52.62,50.938431,759888,759900,-0.29,-0.5481,52.76,"January 30, 23",-0.005481,GLPI
2023-01-27,53.0,53.08,52.57,52.95,51.257885,985524,985500,-0.05,-0.09433962,52.87,"January 27, 23",-0.0009433962,GLPI
2023-01-26,52.53,52.94,52.45,52.89,51.199802,757199,757200,0.36,0.68532,52.77,"January 26, 23",0.0068532,GLPI
2023-01-25,52.3,52.44,52.01,52.43,50.754505,727746,727700,0.13,0.24857,52.26,"January 25, 23",0.0024857,GLPI
2023-01-24,51.78,52.2,51.28,52.16,50.493134,739183,739200,0.38,0.73387,51.99,"January 24, 23",0.0073387,GLPI
2023-01-23,52.1,52.45,51.64,51.78,50.125275,1131098,1131100,-0.32,-0.6142,51.92,"January 23, 23",-0.006142,GLPI
2023-01-20,51.79,52.2,51.57,52.2,50.531853,1042644,1042600,0.41,0.79166,51.96,"January 20, 23",0.0079166,GLPI
2023-01-19,51.93,52.2,51.6,51.87,50.212399,1540798,1540700,-0.06,-0.11554,51.87,"January 19, 23",-0.0011554,GLPI
2023-01-18,53.11,53.34,51.74,51.81,50.154316,1379139,1379100,-1.3,-2.45,52.03,"January 18, 23",-0.0245,GLPI
2023-01-17,53.42,53.7844,53.08,53.17,51.470856,890779,890800,-0.25,-0.46799,53.31,"January 17, 23",-0.0046799,GLPI
2023-01-13,53.05,53.39,52.56,53.08,51.383736,1128301,1128300,0.03,0.05655042,53.01,"January 13, 23",0.0005655042,GLPI
2023-01-12,53.09,53.91,52.73,53.83,52.109768,1095517,1095500,0.74,1.39,53.62,"January 12, 23",0.0139,GLPI
2023-01-11,52.27,53.015,51.9,52.98,51.286926,977568,977600,0.71,1.36,52.66,"January 11, 23",0.0136,GLPI
2023-01-10,50.86,51.16,50.4,51.14,49.505726,885410,885400,0.28,0.55053,50.91,"January 10, 23",0.0055053,GLPI
2023-01-09,50.08,51.445,50.08,50.84,49.215313,1047693,1047700,0.76,1.52,50.87,"January 09, 23",0.0152,GLPI
2023-01-06,49.99,50.625,49.835,50.56,48.944263,832236,832200,0.57,1.14,50.39,"January 06, 23",0.0114,GLPI
2023-01-05,50.82,50.855,49.62,49.82,48.227913,1161869,1161900,-1.0,-1.97,49.95,"January 05, 23",-0.0197,GLPI
2023-01-04,51.34,51.47,50.69,50.94,49.312119,2125795,2125800,-0.4,-0.77912,51.06,"January 04, 23",-0.0077912,GLPI
2023-01-03,52.39,52.45,51.03,51.19,49.554131,973217,973200,-1.2,-2.29,51.39,"January 03, 23",-0.0229,GLPI
2022-12-30,51.88,52.2,51.65,52.09,50.425369,681772,681600,0.21,0.40478,51.98,"December 30, 22",0.0040478,GLPI
2022-12-29,51.83,52.19,51.645,52.03,50.367287,828108,828100,0.2,0.38588,51.97,"December 29, 22",0.0038588,GLPI
2022-12-28,52.41,52.5,51.59,51.73,50.076874,594961,594900,-0.68,-1.3,51.88,"December 28, 22",-0.013,GLPI
2022-12-27,52.56,52.91,52.14,52.24,50.570576,574547,574500,-0.32,-0.60883,52.4,"December 27, 22",-0.0060883,GLPI
2022-12-23,51.78,52.48,51.66,52.46,50.783543,540478,540500,0.68,1.31,52.17,"December 23, 22",0.0131,GLPI
2022-12-22,51.75,51.97,51.13,51.89,50.231758,841506,841500,0.14,0.27053,51.69,"December 22, 22",0.0027053,GLPI
2022-12-21,52.48,53.015,52.11,52.21,50.541531,1161674,1161700,-0.27,-0.51448,52.55,"December 21, 22",-0.0051448,GLPI
2022-12-20,51.44,52.26,51.34,52.07,50.406006,940570,940600,0.63,1.22,52.0,"December 20, 22",0.0122,GLPI
2022-12-19,52.15,52.23,51.48,51.72,50.067192,1122578,1122600,-0.43,-0.82454,51.76,"December 19, 22",-0.0082454,GLPI
2022-12-16,52.63,52.63,51.595,52.32,50.648018,1985947,1985900,-0.31,-0.58902,52.23,"December 16, 22",-0.0058902,GLPI
2022-12-15,52.04,53.08,52.02,53.02,51.325649,1925722,1925700,0.98,1.88,52.8,"December 15, 22",0.0188,GLPI
2022-12-14,52.75,53.43,52.21,52.57,50.89003,1584915,1584900,-0.18,-0.34123,52.79,"December 14, 22",-0.0034123,GLPI
2022-12-13,52.89,53.02,52.195,52.68,50.996517,1888074,1888100,-0.21,-0.39705,52.68,"December 13, 22",-0.0039705,GLPI
2022-12-12,52.1,52.1,51.595,51.76,50.105915,1768695,1768700,-0.34,-0.65259,51.76,"December 12, 22",-0.0065259,GLPI
2022-12-09,51.89,52.54,51.71,52.1,50.435047,944860,944900,0.21,0.4047,52.18,"December 09, 22",0.004047,GLPI
2022-12-08,51.95,52.93,51.71,51.94,50.280163,1678334,1678300,-0.01,-0.01924928,52.19,"December 08, 22",-0.0001924928,GLPI
2022-12-07,52.26,52.69,51.87,51.95,49.607376,1436149,1436000,-0.31,-0.59319,52.2,"December 07, 22",-0.0059319,GLPI
2022-12-06,52.36,52.71,52.25,52.4,50.037083,981862,981800,0.04,0.07639419,52.41,"December 06, 22",0.0007639419,GLPI
2022-12-05,52.655,52.99,52.195,52.36,49.99889,996895,996900,-0.295,-0.56025,52.45,"December 05, 22",-0.0056025,GLPI
2022-12-02,52.2,53.25,52.03,53.1,50.705513,1409768,1409800,0.9,1.72,52.84,"December 02, 22",0.0172,GLPI
2022-12-01,52.91,53.11,52.21,52.73,50.3522,1208002,1208000,-0.18,-0.3402,52.67,"December 01, 22",-0.003402,GLPI
2022-11-30,51.44,52.64,51.28,52.61,50.23761,1974673,1974700,1.17,2.27,52.31,"November 30, 22",0.0227,GLPI
2022-11-29,50.97,51.615,50.76,51.57,49.244507,746642,746600,0.6,1.18,51.39,"November 29, 22",0.0118,GLPI
2022-11-28,51.0,51.4,50.885,50.97,48.671566,1474851,1474700,-0.03,-0.05882353,51.06,"November 28, 22",-0.0005882353,GLPI
2022-11-25,51.39,51.44,51.18,51.27,48.958035,314603,314600,-0.12,-0.23351,51.29,"November 25, 22",-0.0023351,GLPI
2022-11-23,51.05,51.58,50.49,51.2,48.891197,628981,629000,0.15,0.29383,51.21,"November 23, 22",0.0029383,GLPI
2022-11-22,50.85,51.38,50.71,51.16,48.852997,894958,894900,0.31,0.60964,51.16,"November 22, 22",0.0060964,GLPI
2022-11-21,50.07,50.65,50.07,50.5,48.222759,1153933,1153900,0.43,0.8588,50.48,"November 21, 22",0.008588,GLPI
2022-11-18,49.93,50.29,49.685,50.14,47.878994,1554438,1554400,0.21,0.42059,50.02,"November 18, 22",0.0042059,GLPI
2022-11-17,49.14,49.6,48.9,49.44,47.21056,1431689,1431700,0.3,0.6105,49.38,"November 17, 22",0.006105,GLPI
2022-11-16,49.1,49.55,48.82,49.48,47.248756,4122218,4122200,0.38,0.77393,49.29,"November 16, 22",0.0077393,GLPI
2022-11-15,50.08,50.36,48.91,49.32,47.09597,2202191,2202200,-0.76,-1.52,49.38,"November 15, 22",-0.0152,GLPI
2022-11-14,50.25,50.48,49.65,49.7,47.458836,2338452,2338400,-0.55,-1.09,49.87,"November 14, 22",-0.0109,GLPI
2022-11-11,51.86,51.99,50.27,50.5,48.222759,1248672,1248700,-1.36,-2.62,50.83,"November 11, 22",-0.0262,GLPI
2022-11-10,51.49,51.79,50.75,51.36,49.043983,1533566,1533600,-0.13,-0.25248,51.32,"November 10, 22",-0.0025248,GLPI
2022-11-09,49.84,50.41,49.58,50.05,47.793053,1356047,1356000,0.21,0.42135,50.1,"November 09, 22",0.0042135,GLPI
2022-11-08,50.31,50.67,49.46,49.97,47.71666,1001035,1001000,-0.34,-0.67581,50.12,"November 08, 22",-0.0067581,GLPI
2022-11-07,50.08,50.51,49.81,50.45,48.175014,1099443,1099400,0.37,0.73882,50.27,"November 07, 22",0.0073882,GLPI
2022-11-04,49.68,50.41,49.25,49.99,47.73576,1563300,1563300,0.31,0.62399,49.9,"November 04, 22",0.0062399,GLPI
2022-11-03,49.6,50.12,49.09,49.82,47.573425,660382,660400,0.22,0.44355,49.76,"November 03, 22",0.0044355,GLPI
2022-11-02,50.8,51.14,49.85,50.13,47.869446,1361921,1361900,-0.67,-1.32,50.38,"November 02, 22",-0.0132,GLPI
2022-11-01,50.5,51.24,50.29,51.11,48.805252,1090251,1090200,0.61,1.21,50.92,"November 01, 22",0.0121,GLPI
2022-10-31,49.47,50.28,49.27,50.12,47.859894,1582112,1582100,0.65,1.31,49.99,"October 31, 22",0.0131,GLPI
2022-10-28,48.49,50.225,48.015,49.95,47.697559,1843783,1843600,1.46,3.01,49.61,"October 28, 22",0.0301,GLPI
2022-10-27,48.12,48.285,47.73,47.87,45.711353,929217,929200,-0.25,-0.51953,47.98,"October 27, 22",-0.0051953,GLPI
2022-10-26,47.59,48.01,47.39,47.62,45.472626,1013011,1013000,0.03,0.06303845,47.67,"October 26, 22",0.0006303845,GLPI
2022-10-25,46.27,47.695,46.195,47.65,45.501278,2246541,2246500,1.38,2.98,47.29,"October 25, 22",0.0298,GLPI
2022-10-24,47.0,47.0,45.75,45.95,43.877937,1636077,1636100,-1.05,-2.23,45.96,"October 24, 22",-0.0223,GLPI
2022-10-21,46.1,46.43,45.55,46.41,44.317192,1542234,1542200,0.31,0.67245,46.25,"October 21, 22",0.0067245,GLPI
2022-10-20,45.76,46.5,45.495,45.77,43.706051,975580,975600,0.01,0.02185315,45.93,"October 20, 22",0.0002185315,GLPI
2022-10-19,47.03,47.03,45.33,45.54,43.486423,1668414,1668400,-1.49,-3.17,45.77,"October 19, 22",-0.0317,GLPI
2022-10-18,47.06,47.66,46.83,47.35,45.214806,1474187,1474200,0.29,0.61623,47.29,"October 18, 22",0.0061623,GLPI
2022-10-17,46.4,47.14,46.28,46.62,44.517723,1270161,1270200,0.22,0.47414,46.72,"October 17, 22",0.0047414,GLPI
2022-10-14,47.6,47.755,45.62,45.71,43.648758,1314332,1314300,-1.89,-3.97,46.19,"October 14, 22",-0.0397,GLPI
2022-10-13,45.77,47.505,45.08,47.24,45.109768,2230212,2230100,1.47,3.21,46.89,"October 13, 22",0.0321,GLPI
2022-10-12,46.51,47.098,46.11,46.61,44.508179,1955871,1955900,0.1,0.21501,46.72,"October 12, 22",0.0021501,GLPI
2022-10-11,46.12,46.945,45.46,46.7,44.59412,2018965,2019000,0.58,1.26,46.51,"October 11, 22",0.0126,GLPI
2022-10-10,46.29,46.62,45.365,46.01,43.93523,1292219,1292200,-0.28,-0.60488,45.98,"October 10, 22",-0.0060488,GLPI
2022-10-07,46.1,46.72,46.0,46.35,44.259899,1597340,1597300,0.25,0.5423,46.33,"October 07, 22",0.005423,GLPI
2022-10-06,47.2,47.5,46.195,46.46,44.364937,1774252,1774300,-0.74,-1.57,46.65,"October 06, 22",-0.0157,GLPI
2022-10-05,46.44,47.655,46.06,47.34,45.205257,2307249,2307200,0.9,1.94,47.09,"October 05, 22",0.0194,GLPI
2022-10-04,45.91,47.18,45.78,47.16,45.033371,1770671,1770700,1.25,2.72,46.84,"October 04, 22",0.0272,GLPI
2022-10-03,44.5,45.52,43.99,45.48,43.429131,1924642,1924600,0.98,2.2,45.22,"October 03, 22",0.022,GLPI
2022-09-30,43.9,44.4,43.46,44.24,42.245049,2424606,2424600,0.34,0.77449,44.14,"September 30, 22",0.0077449,GLPI
2022-09-29,45.12,45.26,43.51,43.57,41.605263,1533434,1533400,-1.55,-3.44,43.83,"September 29, 22",-0.0344,GLPI
2022-09-28,45.43,45.69,44.95,45.59,43.534168,1484751,1484800,0.16,0.35219,45.44,"September 28, 22",0.0035219,GLPI
2022-09-27,45.23,45.71,44.67,44.94,42.913479,1130420,1130400,-0.29,-0.64117,45.07,"September 27, 22",-0.0064117,GLPI
2022-09-26,45.4,46.04,44.65,45.04,43.008972,1561781,1561800,-0.36,-0.79295,45.16,"September 26, 22",-0.0079295,GLPI
2022-09-23,46.18,46.215,45.11,45.69,43.629662,1447196,1447000,-0.49,-1.06,45.64,"September 23, 22",-0.0106,GLPI
2022-09-22,46.75,46.975,46.27,46.56,44.46043,1648810,1648800,-0.19,-0.40642,46.56,"September 22, 22",-0.0040642,GLPI
2022-09-21,47.95,48.21,46.805,46.83,44.718254,1560278,1560300,-1.12,-2.34,47.45,"September 21, 22",-0.0234,GLPI
2022-09-20,48.53,48.735,47.63,47.82,45.663612,1594733,1594700,-0.71,-1.46,47.98,"September 20, 22",-0.0146,GLPI
2022-09-19,48.69,49.49,48.41,49.11,46.895439,1969605,1969600,0.42,0.8626,49.08,"September 19, 22",0.008626,GLPI
2022-09-16,47.58,49.01,47.42,48.69,46.494373,4746347,4746300,1.11,2.33,48.47,"September 16, 22",0.0233,GLPI
2022-09-15,47.98,48.27,47.51,47.7,45.549023,1620911,1620900,-0.28,-0.58358,47.78,"September 15, 22",-0.0058358,GLPI
2022-09-14,48.83,48.96,48.3,48.63,45.763874,3077033,3077000,-0.2,-0.40958,48.63,"September 14, 22",-0.0040958,GLPI
2022-09-13,49.45,49.94,48.595,48.84,45.961502,1526427,1526400,-0.61,-1.23,49.18,"September 13, 22",-0.0123,GLPI
2022-09-12,50.04,50.35,49.98,50.21,47.250755,1013162,1013100,0.17,0.33973,50.19,"September 12, 22",0.0033973,GLPI
2022-09-09,49.64,50.14,49.49,49.98,47.034309,1041664,1041600,0.34,0.68493,49.98,"September 09, 22",0.0068493,GLPI
2022-09-08,49.4,49.8,48.93,49.41,46.497906,945419,945400,0.01,0.02024291,49.43,"September 08, 22",0.0002024291,GLPI
2022-09-07,48.9,49.69,48.86,49.58,46.657883,1231547,1231400,0.68,1.39,49.36,"September 07, 22",0.0139,GLPI
2022-09-06,48.24,49.01,48.24,48.8,45.923855,1588371,1588400,0.56,1.16,48.73,"September 06, 22",0.0116,GLPI
2022-09-02,48.3,48.82,47.9,48.13,45.293346,1404435,1404400,-0.17,-0.35197,48.29,"September 02, 22",-0.0035197,GLPI
2022-09-01,48.05,48.27,47.52,48.24,45.396866,2835561,2835600,0.19,0.39542,47.99,"September 01, 22",0.0039542,GLPI
2022-08-31,49.27,49.5935,48.25,48.27,45.425095,15155634,15155400,-1.0,-2.03,48.34,"August 31, 22",-0.0203,GLPI
2022-08-30,50.18,50.48,48.725,48.83,45.952091,2281762,2281800,-1.35,-2.69,49.26,"August 30, 22",-0.0269,GLPI
2022-08-29,49.82,50.515,49.79,50.18,47.222519,1382716,1382700,0.36,0.7226,50.24,"August 29, 22",0.007226,GLPI
2022-08-26,51.66,51.68,50.3,50.32,47.354267,1843640,1843600,-1.34,-2.59,50.66,"August 26, 22",-0.0259,GLPI
2022-08-25,51.32,51.55,50.98,51.55,48.511776,1641270,1641300,0.23,0.44817,51.39,"August 25, 22",0.0044817,GLPI
2022-08-24,50.99,51.355,50.04,51.01,48.003601,1942344,1942300,0.02,0.03922338,51.07,"August 24, 22",0.0003922338,GLPI
2022-08-23,51.06,51.26,50.69,51.03,48.022427,1782170,1782200,-0.03,-0.05875441,51.02,"August 23, 22",-0.0005875441,GLPI
2022-08-22,51.83,52.02,50.96,51.03,48.022427,1262670,1262700,-0.8,-1.54,51.39,"August 22, 22",-0.0154,GLPI
2022-08-19,52.41,52.575,51.98,52.26,49.179932,1336454,1336500,-0.15,-0.2862,52.22,"August 19, 22",-0.002862,GLPI
2022-08-18,52.21,52.87,52.17,52.68,49.575184,2187673,2187700,0.47,0.90021,52.57,"August 18, 22",0.0090021,GLPI
2022-08-17,52.2,52.42,51.93,52.04,48.9729,930681,930700,-0.16,-0.30651,52.13,"August 17, 22",-0.0030651,GLPI
2022-08-16,52.29,52.75,52.23,52.6,49.499893,1433824,1433800,0.31,0.59285,52.58,"August 16, 22",0.0059285,GLPI
2022-08-15,52.05,52.52,51.95,52.47,49.377556,1563614,1563600,0.42,0.80692,52.31,"August 15, 22",0.0080692,GLPI
2022-08-12,52.1,52.225,51.83,52.05,48.982307,1988659,1988700,-0.05,-0.09596929,52.03,"August 12, 22",-0.0009596929,GLPI
2022-08-11,51.55,51.88,51.22,51.49,48.455315,2000175,2000200,-0.06,-0.11639,51.55,"August 11, 22",-0.0011639,GLPI
2022-08-10,51.42,51.76,51.16,51.72,48.671761,1536041,1536000,0.3,0.58343,51.6,"August 10, 22",0.0058343,GLPI
2022-08-09,51.15,51.21,50.61,50.79,47.796574,994751,994700,-0.36,-0.70381,50.77,"August 09, 22",-0.0070381,GLPI
2022-08-08,50.74,51.48,50.74,51.2,48.182411,1048215,1048200,0.46,0.90658,51.19,"August 08, 22",0.0090658,GLPI
2022-08-05,50.24,50.73,50.01,50.68,47.693054,1570519,1570500,0.44,0.8758,50.33,"August 05, 22",0.008758,GLPI
2022-08-04,51.06,51.25,50.35,50.48,47.504841,1610638,1610600,-0.58,-1.14,50.67,"August 04, 22",-0.0114,GLPI
2022-08-03,51.71,51.98,50.85,50.93,47.928322,1683055,1683100,-0.78,-1.51,51.3,"August 03, 22",-0.0151,GLPI
2022-08-02,51.81,52.13,51.575,51.59,48.549423,959188,959200,-0.22,-0.42463,51.78,"August 02, 22",-0.0042463,GLPI
2022-08-01,52.0,52.0,50.89,51.58,48.540012,1433783,1433800,-0.42,-0.80769,51.41,"August 01, 22",-0.0080769,GLPI
2022-07-29,51.79,52.54,51.03,51.99,48.92585,1720834,1720800,0.2,0.38617,51.84,"July 29, 22",0.0038617,GLPI
2022-07-28,51.81,52.67,51.56,52.65,49.546951,1479602,1479600,0.84,1.62,52.34,"July 28, 22",0.0162,GLPI
2022-07-27,51.16,51.96,51.02,51.81,48.756454,1056508,1056500,0.65,1.27,51.53,"July 27, 22",0.0127,GLPI
2022-07-26,51.12,51.53,51.015,51.17,48.154175,1280359,1280400,0.05,0.09780908,51.3,"July 26, 22",0.0009780908,GLPI
2022-07-25,50.8,51.22,50.8,51.19,48.172997,1528011,1528000,0.39,0.76772,51.08,"July 25, 22",0.0076772,GLPI
2022-07-22,50.62,51.13,50.54,50.8,47.805981,1264817,1264800,0.18,0.35559,50.8,"July 22, 22",0.0035559,GLPI
2022-07-21,50.13,50.57,49.9,50.43,47.457787,1299859,1299900,0.3,0.59844,50.31,"July 21, 22",0.0059844,GLPI
2022-07-20,50.74,51.12,50.3664,50.42,47.44838,1398387,1398400,-0.32,-0.63067,50.69,"July 20, 22",-0.0063067,GLPI
2022-07-19,49.77,50.82,49.73,50.79,47.796574,1846283,1846300,1.02,2.05,50.43,"July 19, 22",0.0205,GLPI
2022-07-18,50.0,50.0,48.99,49.44,46.526138,2535399,2535400,-0.56,-1.12,49.58,"July 18, 22",-0.0112,GLPI
2022-07-15,48.78,49.905,48.615,49.83,46.893154,1820079,1820100,1.05,2.15,49.55,"July 15, 22",0.0215,GLPI
2022-07-14,47.215,48.22,46.97,48.06,45.22747,1741587,1741600,0.845,1.79,47.92,"July 14, 22",0.0179,GLPI
2022-07-13,47.31,48.15,47.22,47.89,45.06749,1138783,1138800,0.58,1.23,47.86,"July 13, 22",0.0123,GLPI
2022-07-12,47.75,48.03,47.47,47.86,45.039257,1454183,1454200,0.11,0.23037,47.8,"July 12, 22",0.0023037,GLPI
2022-07-11,47.47,47.81,46.91,47.75,44.935745,1415923,1415900,0.28,0.58985,47.5,"July 11, 22",0.0058985,GLPI
2022-07-08,47.43,47.75,47.06,47.2,44.418159,979242,979200,-0.23,-0.48493,47.36,"July 08, 22",-0.0048493,GLPI
2022-07-07,46.98,47.46,46.89,47.32,44.531082,1705051,1705100,0.34,0.72371,47.31,"July 07, 22",0.0072371,GLPI
2022-07-06,46.79,47.08,46.3,46.63,43.881752,1005742,1005700,-0.16,-0.34195,46.7,"July 06, 22",-0.0034195,GLPI
2022-07-05,46.55,46.57,45.72,46.47,43.731182,1299677,1299700,-0.08,-0.17186,46.25,"July 05, 22",-0.0017186,GLPI
2022-07-01,45.9,46.91,45.78,46.82,44.060551,1260597,1260600,0.92,2.0,46.53,"July 01, 22",0.02,GLPI
2022-06-30,45.73,46.54,45.22,45.86,43.157135,1921670,1921700,0.13,0.28428,45.86,"June 30, 22",0.0028428,GLPI
2022-06-29,45.76,46.49,45.68,46.12,43.40181,5798874,5798900,0.36,0.78671,46.01,"June 29, 22",0.0078671,GLPI
2022-06-28,47.19,47.75,46.51,46.68,43.928802,946539,946500,-0.51,-1.08,46.94,"June 28, 22",-0.0108,GLPI
2022-06-27,46.7,47.17,46.37,46.72,43.96645,865274,865300,0.02,0.04282655,46.8,"June 27, 22",0.0004282655,GLPI
2022-06-24,45.91,47.05,45.85,46.99,44.220535,1773537,1773500,1.08,2.35,46.66,"June 24, 22",0.0235,GLPI
2022-06-23,45.2,45.69,44.985,45.59,42.903046,1802672,1802700,0.39,0.86283,45.32,"June 23, 22",0.0086283,GLPI
2022-06-22,44.75,45.68,44.75,45.2,42.53603,884691,884700,0.45,1.01,45.33,"June 22, 22",0.0101,GLPI
2022-06-21,44.48,45.65,44.4,45.29,42.620728,1141243,1141200,0.81,1.82,45.36,"June 21, 22",0.0182,GLPI
2022-06-17,43.96,44.405,43.445,44.13,41.529095,1529430,1529400,0.17,0.38672,44.06,"June 17, 22",0.0038672,GLPI
2022-06-16,44.04,44.15,43.29,43.6,41.030331,1454347,1454300,-0.44,-0.99909,43.61,"June 16, 22",-0.0099909,GLPI
2022-06-15,43.62,45.49,43.35,44.83,42.187843,1576562,1576500,1.21,2.77,44.74,"June 15, 22",0.0277,GLPI
2022-06-14,43.57,43.76,42.71,43.27,40.719784,1136209,1136200,-0.3,-0.68855,43.22,"June 14, 22",-0.0068855,GLPI
2022-06-13,45.02,45.165,43.25,43.43,40.870354,1586187,1586200,-1.59,-3.53,43.73,"June 13, 22",-0.0353,GLPI
2022-06-10,46.09,46.37,45.68,46.02,43.307701,1134084,1134100,-0.07,-0.15188,46.02,"June 10, 22",-0.0015188,GLPI
2022-06-09,47.09,47.37,46.49,46.59,43.844109,1072642,1072600,-0.5,-1.06,46.97,"June 09, 22",-0.0106,GLPI
2022-06-08,48.2,48.205,47.63,47.77,44.291115,919391,919300,-0.43,-0.89212,47.86,"June 08, 22",-0.0089212,GLPI
2022-06-07,48.0,48.46,47.53,48.44,44.912315,1503661,1503700,0.44,0.91667,48.07,"June 07, 22",0.0091667,GLPI
2022-06-06,47.56,48.41,47.5,48.09,44.587811,1481993,1482000,0.53,1.11,48.17,"June 06, 22",0.0111,GLPI
2022-06-03,47.48,47.63,47.01,47.11,43.67918,918537,918500,-0.37,-0.77928,47.32,"June 03, 22",-0.0077928,GLPI
2022-06-02,46.88,47.669,46.605,47.62,44.152035,1134221,1134200,0.74,1.58,47.24,"June 02, 22",0.0158,GLPI
2022-06-01,46.95,47.17,46.13,46.89,43.475197,835258,835300,-0.06,-0.1278,46.69,"June 01, 22",-0.001278,GLPI
2022-05-31,47.16,47.6,46.71,46.82,43.410294,1900182,1900200,-0.34,-0.72095,46.95,"May 31, 22",-0.0072095,GLPI
2022-05-27,46.76,47.69,46.72,47.64,44.170578,1019761,1019800,0.88,1.88,47.32,"May 27, 22",0.0188,GLPI
2022-05-26,45.94,46.865,45.75,46.53,43.141415,1062406,1062400,0.59,1.28,46.6,"May 26, 22",0.0128,GLPI
2022-05-25,44.61,45.72,44.3401,45.6,42.27914,927801,927800,0.99,2.22,45.36,"May 25, 22",0.0222,GLPI
2022-05-24,44.36,44.99,43.53,44.85,41.583763,1132901,1132900,0.49,1.1,44.36,"May 24, 22",0.011,GLPI
2022-05-23,44.59,44.96,44.195,44.65,41.398331,953379,953400,0.06,0.13456,44.56,"May 23, 22",0.0013456,GLPI
2022-05-20,44.74,44.74,43.6508,44.46,41.222168,1042964,1042800,-0.28,-0.62584,44.19,"May 20, 22",-0.0062584,GLPI
2022-05-19,44.04,44.73,44.032,44.17,40.953285,925238,925200,0.13,0.29519,44.31,"May 19, 22",0.0029519,GLPI
2022-05-18,45.27,45.39,44.35,44.49,41.249981,862044,862000,-0.78,-1.72,44.71,"May 18, 22",-0.0172,GLPI
2022-05-17,45.31,45.57,44.96,45.34,42.038078,1218881,1218900,0.03,0.06621055,45.3,"May 17, 22",0.0006621055,GLPI
2022-05-16,44.78,45.62,44.59,45.16,41.871185,844678,844700,0.38,0.84859,45.22,"May 16, 22",0.0084859,GLPI
2022-05-13,43.45,44.87,43.27,44.82,41.55595,1245960,1246000,1.37,3.15,44.5,"May 13, 22",0.0315,GLPI
2022-05-12,42.52,43.26,42.32,43.23,40.081745,1533487,1533500,0.71,1.67,42.85,"May 12, 22",0.0167,GLPI
2022-05-11,42.52,43.33,42.4,42.53,39.432716,1070785,1070800,0.01,0.02351834,42.75,"May 11, 22",0.0002351834,GLPI
2022-05-10,43.4,43.4,41.97,42.52,39.42345,2736712,2736700,-0.88,-2.03,42.45,"May 10, 22",-0.0203,GLPI
2022-05-09,44.1,44.1,42.32,42.53,39.432716,2352862,2352900,-1.57,-3.56,42.98,"May 09, 22",-0.0356,GLPI
2022-05-06,44.97,45.08,44.01,44.4,41.166538,1674927,1674800,-0.57,-1.27,44.43,"May 06, 22",-0.0127,GLPI
2022-05-05,45.55,45.805,44.9,45.32,42.019535,2816254,2816300,-0.23,-0.50494,45.16,"May 05, 22",-0.0050494,GLPI
2022-05-04,44.7,45.78,44.0,45.73,42.399673,1584746,1584700,1.03,2.3,45.07,"May 04, 22",0.023,GLPI
2022-05-03,43.64,44.82,43.58,44.78,41.518864,2371529,2371500,1.14,2.61,44.5,"May 03, 22",0.0261,GLPI
2022-05-02,44.67,44.82,42.96,43.57,40.396984,3720173,3720100,-1.1,-2.46,43.63,"May 02, 22",-0.0246,GLPI
2022-04-29,45.48,46.225,44.32,44.38,41.147995,2943990,2944000,-1.1,-2.42,45.03,"April 29, 22",-0.0242,GLPI
2022-04-28,45.01,46.27,44.98,46.21,42.844723,1756115,1756000,1.2,2.67,45.72,"April 28, 22",0.0267,GLPI
2022-04-27,45.48,45.85,45.0,45.01,41.732109,3133274,3133300,-0.47,-1.03,45.38,"April 27, 22",-0.0103,GLPI
2022-04-26,46.62,46.65,45.45,45.54,42.223515,1953579,1953400,-1.08,-2.32,45.91,"April 26, 22",-0.0232,GLPI
2022-04-25,46.37,46.79,45.7,46.5,43.113598,1939629,1939500,0.13,0.28035,46.28,"April 25, 22",0.0028035,GLPI
2022-04-22,47.41,47.52,46.58,46.64,43.243404,1468251,1468300,-0.77,-1.62,47.1,"April 22, 22",-0.0162,GLPI
2022-04-21,48.21,48.39,47.39,47.49,44.031502,1776314,1776300,-0.72,-1.49,47.69,"April 21, 22",-0.0149,GLPI
2022-04-20,47.04,47.98,46.79,47.88,44.393101,2097141,2097100,0.84,1.79,47.35,"April 20, 22",0.0179,GLPI
2022-04-19,46.5,47.04,46.44,46.82,43.410294,2291679,2291700,0.32,0.68817,46.81,"April 19, 22",0.0068817,GLPI
2022-04-18,46.67,46.88,46.01,46.29,42.9189,3148052,3148100,-0.38,-0.81423,46.37,"April 18, 22",-0.0081423,GLPI
2022-04-14,46.67,46.96,46.581,46.72,43.317581,1071684,1071700,0.05,0.10714,46.77,"April 14, 22",0.0010714,GLPI
2022-04-13,46.24,46.8,46.22,46.57,43.178501,1062810,1062800,0.33,0.71367,46.57,"April 13, 22",0.0071367,GLPI
2022-04-12,46.4,46.68,46.1,46.21,42.844723,739922,739800,-0.19,-0.40948,46.29,"April 12, 22",-0.0040948,GLPI
2022-04-11,46.17,46.46,45.92,46.27,42.900352,881006,881000,0.1,0.21659,46.23,"April 11, 22",0.0021659,GLPI
2022-04-08,46.04,46.51,45.66,46.32,42.946709,903863,903900,0.28,0.60817,46.28,"April 08, 22",0.0060817,GLPI
2022-04-07,46.42,46.43,45.675,46.1,42.742733,919831,919800,-0.32,-0.68936,46.03,"April 07, 22",-0.0068936,GLPI
2022-04-06,46.32,46.755,45.96,46.47,43.085789,1074254,1074300,0.15,0.32383,46.43,"April 06, 22",0.0032383,GLPI
2022-04-05,46.85,47.19,46.41,46.5,43.113598,747253,747200,-0.35,-0.74707,46.64,"April 05, 22",-0.0074707,GLPI
2022-04-04,47.12,47.21,46.46,47.0,43.577187,991622,991600,-0.12,-0.25467,46.89,"April 04, 22",-0.0025467,GLPI
2022-04-01,47.15,47.24,46.78,47.12,43.68845,755826,755800,-0.03,-0.06362672,47.03,"April 01, 22",-0.0006362672,GLPI
2022-03-31,47.34,47.57,46.89,46.93,43.512291,1113418,1113400,-0.41,-0.86608,47.13,"March 31, 22",-0.0086608,GLPI
2022-03-30,46.74,47.53,46.64,47.33,43.88316,1250300,1250300,0.59,1.26,47.19,"March 30, 22",0.0126,GLPI
2022-03-29,45.53,47.05,45.53,47.0,43.577187,1131072,1131100,1.47,3.23,46.67,"March 29, 22",0.0323,GLPI
2022-03-28,45.3,45.3,44.7,45.25,41.954628,994896,994900,-0.05,-0.11038,45.08,"March 28, 22",-0.0011038,GLPI
2022-03-25,44.64,45.12,44.52,45.07,41.787746,853253,853300,0.43,0.96326,44.89,"March 25, 22",0.0096326,GLPI
2022-03-24,44.46,44.7,44.2,44.46,41.222168,978094,978100,0.0,0.0,44.47,"March 24, 22",0.0,GLPI
2022-03-23,44.92,44.97,43.645,44.31,41.083092,1768121,1768100,-0.61,-1.36,44.31,"March 23, 22",-0.0136,GLPI
2022-03-22,44.37,45.17,44.16,45.03,41.750656,1474586,1474600,0.66,1.49,44.86,"March 22, 22",0.0149,GLPI
2022-03-21,45.1,45.18,43.7,44.06,40.851299,1666851,1666900,-1.04,-2.31,44.24,"March 21, 22",-0.0231,GLPI
2022-03-18,45.15,45.45,44.74,45.02,41.741383,2787765,2787800,-0.13,-0.28793,45.04,"March 18, 22",-0.0028793,GLPI
2022-03-17,44.71,45.4,44.5,45.24,41.945366,1303123,1303100,0.53,1.19,45.13,"March 17, 22",0.0119,GLPI
2022-03-16,44.67,45.26,43.88,44.68,41.426144,1525150,1525200,0.01,0.02238639,44.64,"March 16, 22",0.0002238639,GLPI
2022-03-15,44.69,44.81,44.14,44.53,41.287067,1006676,1006500,-0.16,-0.35802,44.48,"March 15, 22",-0.0035802,GLPI
2022-03-14,44.74,45.01,43.85,44.08,40.869839,986518,986500,-0.66,-1.48,44.24,"March 14, 22",-0.0148,GLPI
2022-03-11,45.1,45.42,44.47,44.49,41.249981,637202,637200,-0.61,-1.35,44.71,"March 11, 22",-0.0135,GLPI
2022-03-10,44.29,45.15,44.29,45.06,41.778473,900115,900100,0.77,1.74,44.74,"March 10, 22",0.0174,GLPI
2022-03-09,45.36,45.85,45.33,45.47,41.518864,972993,973000,0.11,0.2425,45.55,"March 09, 22",0.002425,GLPI
2022-03-08,44.23,45.53,43.94,44.55,40.678806,892934,892900,0.32,0.72349,44.73,"March 08, 22",0.0072349,GLPI
2022-03-07,46.23,46.37,44.24,44.29,40.441395,1406984,1407000,-1.94,-4.2,44.75,"March 07, 22",-0.042,GLPI
2022-03-04,45.85,46.41,45.41,46.39,42.358913,1486671,1486700,0.54,1.18,45.96,"March 04, 22",0.0118,GLPI
2022-03-03,46.53,46.71,45.56,46.17,42.158031,1279654,1279700,-0.36,-0.77369,46.13,"March 03, 22",-0.0077369,GLPI
2022-03-02,45.13,46.31,45.08,46.21,42.194557,1206178,1206200,1.08,2.39,46.06,"March 02, 22",0.0239,GLPI
2022-03-01,45.5,45.88,44.56,44.9,40.99839,1451865,1451900,-0.6,-1.32,45.0,"March 01, 22",-0.0132,GLPI
2022-02-28,44.39,45.88,44.39,45.41,41.464073,1843561,1843600,1.02,2.3,45.35,"February 28, 22",0.023,GLPI
2022-02-25,44.36,45.4,43.69,44.96,41.053177,1565948,1565900,0.6,1.35,44.68,"February 25, 22",0.0135,GLPI
2022-02-24,43.0,45.06,43.0,44.83,40.934475,1617414,1617400,1.83,4.26,44.37,"February 24, 22",0.0426,GLPI
2022-02-23,44.32,44.87,43.95,43.99,40.167465,1053187,1053200,-0.33,-0.74458,44.34,"February 23, 22",-0.0074458,GLPI
2022-02-22,44.21,44.505,43.81,44.16,40.322697,1275295,1275300,-0.05,-0.1131,44.18,"February 22, 22",-0.001131,GLPI
2022-02-18,44.39,44.91,44.09,44.51,40.642281,1949182,1949000,0.12,0.27033,44.5,"February 18, 22",0.0027033,GLPI
2022-02-17,44.87,45.1,44.24,44.32,40.468792,1859368,1859400,-0.55,-1.23,44.49,"February 17, 22",-0.0123,GLPI
2022-02-16,44.4,45.135,44.325,44.87,40.970997,1645867,1645900,0.47,1.06,44.81,"February 16, 22",0.0106,GLPI
2022-02-15,43.68,44.33,43.68,44.15,40.313564,1017303,1017300,0.47,1.08,44.09,"February 15, 22",0.0108,GLPI
2022-02-14,43.85,44.43,42.98,43.36,39.592209,1311644,1311600,-0.49,-1.12,43.45,"February 14, 22",-0.0112,GLPI
2022-02-11,44.5446,44.79,43.6901,43.93,40.112679,903469,903300,-0.6146,-1.38,44.17,"February 11, 22",-0.0138,GLPI
2022-02-10,44.6,45.17,44.28,44.51,40.642281,919586,919600,-0.09,-0.20179,44.73,"February 10, 22",-0.0020179,GLPI
2022-02-09,44.48,45.11,44.3933,45.06,41.144489,988436,988300,0.58,1.3,44.88,"February 09, 22",0.013,GLPI
2022-02-08,44.16,44.3347,43.8,43.95,40.130943,1019633,1019600,-0.21,-0.47554,44.04,"February 08, 22",-0.0047554,GLPI
2022-02-07,43.91,44.37,43.82,44.16,40.322697,769575,769600,0.25,0.56935,44.12,"February 07, 22",0.0056935,GLPI
2022-02-04,44.03,44.29,43.449,43.9,40.085289,714538,714500,-0.13,-0.29525,43.89,"February 04, 22",-0.0029525,GLPI
2022-02-03,44.75,44.84,44.06,44.16,40.322697,958049,958000,-0.59,-1.32,44.37,"February 03, 22",-0.0132,GLPI
2022-02-02,45.29,45.4481,44.84,44.96,41.053177,789568,789600,-0.33,-0.72864,44.99,"February 02, 22",-0.0072864,GLPI
2022-02-01,45.25,45.575,44.67,45.01,41.098831,1079091,1079100,-0.24,-0.53039,45.08,"February 01, 22",-0.0053039,GLPI
2022-01-31,43.81,45.225,43.52,45.18,41.254059,1340744,1340700,1.37,3.13,44.85,"January 31, 22",0.0313,GLPI
2022-01-28,42.95,44.07,42.67,44.06,40.231384,1037773,1037800,1.11,2.58,43.48,"January 28, 22",0.0258,GLPI
2022-01-27,43.46,44.11,42.7,42.8,39.080868,1424146,1424100,-0.66,-1.52,43.15,"January 27, 22",-0.0152,GLPI
2022-01-26,43.68,44.4771,42.88,43.29,39.528294,1965750,1965800,-0.39,-0.89286,43.65,"January 26, 22",-0.0089286,GLPI
2022-01-25,42.81,43.83,42.55,43.25,39.491768,1524532,1524500,0.44,1.03,43.28,"January 25, 22",0.0103,GLPI
2022-01-24,42.81,43.4,41.81,43.15,39.400459,1486988,1487000,0.34,0.79421,42.6,"January 24, 22",0.0079421,GLPI
2022-01-21,43.5,43.6,42.83,43.08,39.336544,1125455,1125500,-0.42,-0.96552,43.18,"January 21, 22",-0.0096552,GLPI
2022-01-20,44.46,44.79,43.44,43.49,39.710915,1356637,1356600,-0.97,-2.18,44.12,"January 20, 22",-0.0218,GLPI
2022-01-19,44.37,44.7,44.04,44.31,40.45966,1403976,1404000,-0.06,-0.13523,44.39,"January 19, 22",-0.0013523,GLPI
2022-01-18,44.5,44.57,43.96,44.28,40.432262,1433265,1433300,-0.22,-0.49438,44.22,"January 18, 22",-0.0049438,GLPI
2022-01-14,44.81,44.8658,44.15,44.64,40.760986,1596712,1596500,-0.17,-0.37938,44.57,"January 14, 22",-0.0037938,GLPI
2022-01-13,45.39,45.74,44.76,44.85,40.952736,2039307,2039300,-0.54,-1.19,45.07,"January 13, 22",-0.0119,GLPI
2022-01-12,46.23,46.31,45.585,45.68,41.710609,1315135,1315000,-0.55,-1.19,45.83,"January 12, 22",-0.0119,GLPI
2022-01-11,46.34,46.48,45.705,46.26,42.240211,1504411,1504400,-0.08,-0.17264,46.24,"January 11, 22",-0.0017264,GLPI
2022-01-10,46.445,46.56,45.68,46.33,42.304131,1210340,1210200,-0.115,-0.2476,46.09,"January 10, 22",-0.002476,GLPI
2022-01-07,46.87,47.0,46.32,46.62,42.568928,1348645,1348600,-0.25,-0.53339,46.64,"January 07, 22",-0.0053339,GLPI
2022-01-06,47.59,48.035,46.98,46.99,42.906784,912971,913000,-0.6,-1.26,47.21,"January 06, 22",-0.0126,GLPI
2022-01-05,49.13,49.31,47.44,47.5,43.372467,907946,907900,-1.63,-3.32,48.07,"January 05, 22",-0.0332,GLPI
2022-01-04,48.53,49.15,48.51,48.98,44.723858,1338378,1338400,0.45,0.92726,48.87,"January 04, 22",0.0092726,GLPI
2022-01-03,48.66,48.82,48.09,48.5,44.285568,1013475,1013500,-0.16,-0.32881,48.45,"January 03, 22",-0.0032881,GLPI
2021-12-31,48.51,49.21,48.28,48.66,44.431664,953948,953900,0.15,0.30921,48.8,"December 31, 21",0.0030921,GLPI
2021-12-30,47.66,48.63,47.51,48.51,44.294697,677703,677700,0.85,1.78,48.36,"December 30, 21",0.0178,GLPI
2021-12-29,47.25,47.79,46.89,47.66,43.518559,841334,841300,0.41,0.86772,47.54,"December 29, 21",0.0086772,GLPI
2021-12-28,47.17,47.42,46.91,47.16,43.062004,738074,738100,-0.01,-0.02119992,47.17,"December 28, 21",-0.0002119992,GLPI
2021-12-27,46.575,47.2,46.33,47.17,43.071133,1105115,1105100,0.595,1.28,46.78,"December 27, 21",0.0128,GLPI
2021-12-23,46.63,46.65,46.23,46.5,42.459354,1169748,1169700,-0.13,-0.27879,46.47,"December 23, 21",-0.0027879,GLPI
2021-12-22,46.34,46.73,46.26,46.52,42.258472,1261439,1261400,0.18,0.38843,46.5,"December 22, 21",0.0038843,GLPI
2021-12-21,45.65,46.54,45.65,46.2,41.967789,1253122,1253100,0.55,1.2,46.23,"December 21, 21",0.012,GLPI
2021-12-20,45.91,45.91,45.185,45.47,41.304661,1147974,1148000,-0.44,-0.9584,45.48,"December 20, 21",-0.009584,GLPI
2021-12-17,45.55,46.51,45.36,46.13,41.904202,2265103,2265100,0.58,1.27,46.1,"December 17, 21",0.0127,GLPI
2021-12-16,45.72,46.18,45.36,45.6,41.422752,1388057,1388100,-0.12,-0.26247,45.67,"December 16, 21",-0.0026247,GLPI
2021-12-15,45.35,45.82,45.065,45.5,41.331921,1224945,1224900,0.15,0.33076,45.48,"December 15, 21",0.0033076,GLPI
2021-12-14,46.35,46.55,45.59,45.69,41.504509,1864592,1864600,-0.66,-1.42,45.86,"December 14, 21",-0.0142,GLPI
2021-12-13,46.25,46.76,46.245,46.39,42.140377,1646687,1646700,0.14,0.3027,46.51,"December 13, 21",0.003027,GLPI
2021-12-10,46.64,46.91,46.28,46.37,42.122211,1086320,1086200,-0.27,-0.5789,46.47,"December 10, 21",-0.005789,GLPI
2021-12-09,46.49,46.83,46.33,46.51,42.249393,1315427,1315400,0.02,0.04302,46.56,"December 09, 21",0.0004302,GLPI
2021-12-08,46.92,47.36,46.31,46.78,42.494656,2233589,2233400,-0.14,-0.29838,46.94,"December 08, 21",-0.0029838,GLPI
2021-12-07,47.15,47.51,45.81,46.85,41.949623,4810850,4810900,-0.3,-0.63627,46.81,"December 07, 21",-0.0063627,GLPI
2021-12-06,46.23,47.01,46.05,46.45,41.591461,685954,685900,0.22,0.47588,46.58,"December 06, 21",0.0047588,GLPI
2021-12-03,46.38,46.47,45.52,45.71,40.92886,902935,902900,-0.67,-1.44,45.84,"December 03, 21",-0.0144,GLPI
2021-12-02,44.88,46.66,44.88,46.35,41.501915,761743,761700,1.47,3.28,46.16,"December 02, 21",0.0328,GLPI
2021-12-01,45.48,46.58,44.74,44.74,40.060326,1278251,1278300,-0.74,-1.63,45.61,"December 01, 21",-0.0163,GLPI
2021-11-30,45.5,45.92,45.05,45.12,40.400578,1002221,1002200,-0.38,-0.83516,45.34,"November 30, 21",-0.0083516,GLPI
2021-11-29,46.07,46.265,45.45,45.78,40.991539,654341,654300,-0.29,-0.62948,45.88,"November 29, 21",-0.0062948,GLPI
2021-11-26,45.79,45.9,45.15,45.55,40.785595,607973,608000,-0.24,-0.52413,45.52,"November 26, 21",-0.0052413,GLPI
2021-11-24,46.61,46.93,46.44,46.75,41.860081,447272,447300,0.14,0.30036,46.76,"November 24, 21",0.0030036,GLPI
2021-11-23,46.59,46.97,46.27,46.65,41.770542,675268,675300,0.06,0.12878,46.72,"November 23, 21",0.0012878,GLPI
2021-11-22,47.24,47.24,46.22,46.6,41.725769,819370,819400,-0.64,-1.35,46.6,"November 22, 21",-0.0135,GLPI
2021-11-19,47.12,47.25,45.665,46.41,41.555645,961834,961800,-0.71,-1.51,46.23,"November 19, 21",-0.0151,GLPI
2021-11-18,47.5749,47.5749,46.55,47.17,42.236149,828142,828100,-0.4049,-0.85108,46.99,"November 18, 21",-0.0085108,GLPI
2021-11-17,47.6,47.6,46.54,46.8,41.90485,1273591,1273600,-0.8,-1.68,46.78,"November 17, 21",-0.0168,GLPI
2021-11-16,48.22,48.3748,47.48,47.67,42.683849,1062743,1062700,-0.55,-1.14,47.76,"November 16, 21",-0.0114,GLPI
2021-11-15,48.11,48.41,47.87,48.17,43.131554,1253344,1253300,0.06,0.12471,48.09,"November 15, 21",0.0012471,GLPI
2021-11-12,48.55,48.63,47.71,47.88,42.871891,730126,730000,-0.67,-1.38,47.99,"November 12, 21",-0.0138,GLPI
2021-11-11,48.45,48.56,48.05,48.43,43.364357,537943,537900,-0.02,-0.04127967,48.37,"November 11, 21",-0.0004127967,GLPI
2021-11-10,48.51,48.79,48.1,48.31,43.256908,653281,653300,-0.2,-0.41229,48.36,"November 10, 21",-0.0041229,GLPI
2021-11-09,48.52,48.59,48.13,48.58,43.498672,342560,342400,0.06,0.12366,48.43,"November 09, 21",0.0012366,GLPI
2021-11-08,48.95,48.95,48.29,48.57,43.489716,443339,443300,-0.38,-0.7763,48.56,"November 08, 21",-0.007763,GLPI
2021-11-05,48.51,49.22,48.51,48.77,43.668793,750999,750800,0.26,0.53597,48.88,"November 05, 21",0.0053597,GLPI
2021-11-04,49.5,49.71,47.755,48.11,43.077831,779318,779300,-1.39,-2.81,48.43,"November 04, 21",-0.0281,GLPI
2021-11-03,49.58,49.83,49.02,49.41,44.241852,892042,892000,-0.17,-0.34288,49.4,"November 03, 21",-0.0034288,GLPI
2021-11-02,50.1,50.24,49.36,49.48,44.304527,800459,800400,-0.62,-1.24,49.67,"November 02, 21",-0.0124,GLPI
2021-11-01,48.76,50.24,48.58,50.01,44.779087,913949,913900,1.25,2.56,49.64,"November 01, 21",0.0256,GLPI
2021-10-29,49.2,49.545,48.16,48.49,43.418087,1642646,1642600,-0.71,-1.44,48.7,"October 29, 21",-0.0144,GLPI
2021-10-28,49.14,50.18,48.94,50.03,44.796997,693054,693100,0.89,1.81,49.68,"October 28, 21",0.0181,GLPI
2021-10-27,49.67,49.68,49.075,49.12,43.982182,674188,674200,-0.55,-1.11,49.3,"October 27, 21",-0.0111,GLPI
2021-10-26,49.39,49.73,49.27,49.52,44.340347,533954,534000,0.13,0.26321,49.54,"October 26, 21",0.0026321,GLPI
2021-10-25,49.46,49.55,49.11,49.22,44.071728,555211,555200,-0.24,-0.48524,49.29,"October 25, 21",-0.0048524,GLPI
2021-10-22,49.48,49.73,49.08,49.23,44.080677,471264,471300,-0.25,-0.50525,49.29,"October 22, 21",-0.0050525,GLPI
2021-10-21,49.29,49.3855,48.91,49.32,44.161266,502405,502400,0.03,0.06086427,49.21,"October 21, 21",0.0006086427,GLPI
2021-10-20,49.02,49.51,48.9,49.3,44.14336,404390,404400,0.28,0.5712,49.29,"October 20, 21",0.005712,GLPI
2021-10-19,48.96,49.44,48.88,48.9,43.785198,512394,512400,-0.06,-0.12255,49.02,"October 19, 21",-0.0012255,GLPI
2021-10-18,49.0,49.285,48.62,48.78,43.67775,876988,877000,-0.22,-0.44898,48.85,"October 18, 21",-0.0044898,GLPI
2021-10-15,49.105,50.035,48.9701,49.33,44.170219,823479,823500,0.225,0.4582,49.61,"October 15, 21",0.004582,GLPI
2021-10-14,48.99,49.15,48.69,48.91,43.794144,532497,532500,-0.08,-0.1633,48.95,"October 14, 21",-0.001633,GLPI
2021-10-13,48.22,48.65,47.975,48.53,43.453892,569694,569700,0.31,0.64289,48.42,"October 13, 21",0.0064289,GLPI
2021-10-12,47.7,48.4761,47.615,48.12,43.086781,754774,754800,0.42,0.8805,48.15,"October 12, 21",0.008805,GLPI
2021-10-11,47.62,47.76,47.31,47.64,42.656986,635462,635500,0.02,0.04199916,47.55,"October 11, 21",0.0004199916,GLPI
2021-10-08,48.14,48.14,47.41,47.49,42.522682,608441,595400,-0.65,-1.35,47.67,"October 08, 21",-0.0135,GLPI
2021-10-07,48.46,48.635,47.96,48.15,43.113647,814397,814400,-0.31,-0.6397,48.32,"October 07, 21",-0.006397,GLPI
2021-10-06,47.64,48.43,47.35,48.31,43.256908,1187175,1187200,0.67,1.41,47.9,"October 06, 21",0.0141,GLPI
2021-10-05,47.41,48.1,47.09,47.75,42.755486,1009292,1009200,0.34,0.71715,47.8,"October 05, 21",0.0071715,GLPI
2021-10-04,47.37,47.82,47.28,47.41,42.45105,784183,784200,0.04,0.08444163,47.47,"October 04, 21",0.0008444163,GLPI
2021-10-01,46.47,47.64,46.34,47.32,42.370464,534960,535000,0.85,1.83,47.12,"October 01, 21",0.0183,GLPI
2021-09-30,47.45,47.45,46.15,46.32,41.475056,952940,946000,-1.13,-2.38,46.67,"September 30, 21",-0.0238,GLPI
2021-09-29,46.93,47.51,46.89,47.21,42.271965,758937,758900,0.28,0.59663,47.21,"September 29, 21",0.0059663,GLPI
2021-09-28,46.72,46.8584,46.27,46.74,41.851128,1092240,1092200,0.02,0.04280822,46.57,"September 28, 21",0.0004280822,GLPI
2021-09-27,47.46,47.915,46.83,46.94,42.030212,817104,817100,-0.52,-1.1,47.28,"September 27, 21",-0.011,GLPI
2021-09-24,47.62,48.075,47.235,47.3,42.352554,582582,582600,-0.32,-0.67199,47.52,"September 24, 21",-0.0067199,GLPI
2021-09-23,48.03,48.37,47.78,47.8,42.800259,935711,935700,-0.23,-0.47887,47.98,"September 23, 21",-0.0047887,GLPI
2021-09-22,47.29,48.06,47.14,47.79,42.791298,572309,572300,0.5,1.06,47.77,"September 22, 21",0.0106,GLPI
2021-09-21,47.14,47.61,46.97,46.99,42.074978,836658,836700,-0.15,-0.3182,47.17,"September 21, 21",-0.003182,GLPI
2021-09-20,46.75,47.2,46.47,47.02,42.101841,790479,790500,0.27,0.57754,46.86,"September 20, 21",0.0057754,GLPI
2021-09-17,48.27,48.49,47.24,47.38,42.424191,2342748,2342400,-0.89,-1.84,47.49,"September 17, 21",-0.0184,GLPI
2021-09-16,48.16,48.61,48.05,48.24,43.194237,659857,659900,0.08,0.16611,48.3,"September 16, 21",0.0016611,GLPI
2021-09-15,48.12,48.55,47.93,48.2,43.158413,713842,703400,0.08,0.16625,48.28,"September 15, 21",0.0016625,GLPI
2021-09-14,48.29,48.48,48.0636,48.17,43.131554,892510,874500,-0.12,-0.2485,48.26,"September 14, 21",-0.002485,GLPI
2021-09-13,48.35,48.74,47.98,48.26,43.212135,1026207,1012000,-0.09,-0.18614,48.39,"September 13, 21",-0.0018614,GLPI
2021-09-10,49.2964,49.2964,47.46,48.01,42.988289,2146619,2146600,-1.2864,-2.61,47.97,"September 10, 21",-0.0261,GLPI
2021-09-09,50.0,50.125,48.52,48.58,43.498672,1735694,1735700,-1.42,-2.84,48.95,"September 09, 21",-0.0284,GLPI
2021-09-08,50.26,50.98,50.0,50.92,44.993988,2969061,2969100,0.66,1.31,50.22,"September 08, 21",0.0131,GLPI
2021-09-07,51.32,51.33,50.5,50.5,44.622871,1623619,1611900,-0.82,-1.6,50.87,"September 07, 21",-0.016,GLPI
2021-09-03,51.175,51.46,50.72,51.33,45.356277,1381316,1381300,0.155,0.30288,51.18,"September 03, 21",0.0030288,GLPI
2021-09-02,50.21,51.07,49.96,51.05,45.10886,1399322,1399300,0.84,1.67,50.67,"September 02, 21",0.0167,GLPI
2021-09-01,49.55,50.1,49.48,50.04,44.216408,1108790,1108800,0.49,0.9889,49.9,"September 01, 21",0.009889,GLPI
2021-08-31,48.49,49.46,48.19,49.3,43.562523,2006249,2006100,0.81,1.67,49.13,"August 31, 21",0.0167,GLPI
2021-08-30,48.8,48.8,48.285,48.49,42.846794,994736,994700,-0.31,-0.63525,48.43,"August 30, 21",-0.0063525,GLPI
2021-08-27,48.27,48.83,48.18,48.54,42.890976,597312,597300,0.27,0.55935,48.6,"August 27, 21",0.0055935,GLPI
2021-08-26,47.97,48.395,47.89,48.16,42.555195,498017,498000,0.19,0.39608,48.2,"August 26, 21",0.0039608,GLPI
2021-08-25,47.98,48.475,47.75,48.1,42.502178,632642,632600,0.12,0.2501,48.22,"August 25, 21",0.002501,GLPI
2021-08-24,47.99,48.18,47.76,48.0,42.413818,597008,597000,0.01,0.02083767,48.03,"August 24, 21",0.0002083767,GLPI
2021-08-23,47.63,47.98,47.56,47.81,42.245934,746749,746700,0.18,0.37791,47.79,"August 23, 21",0.0037791,GLPI
2021-08-20,47.21,47.8,46.58,47.54,42.007359,597994,598000,0.33,0.699,47.44,"August 20, 21",0.00699,GLPI
2021-08-19,47.6,47.84,46.92,47.22,41.724594,687945,687900,-0.38,-0.79832,47.25,"August 19, 21",-0.0079832,GLPI
2021-08-18,48.09,48.1,47.665,47.8,42.237095,349251,349300,-0.29,-0.60304,47.83,"August 18, 21",-0.0060304,GLPI
2021-08-17,48.01,48.1575,47.57,48.07,42.475666,518990,518900,0.06,0.12497,47.93,"August 17, 21",0.0012497,GLPI
2021-08-16,48.31,48.51,48.1,48.15,42.546364,485902,485900,-0.16,-0.33119,48.27,"August 16, 21",-0.0033119,GLPI
2021-08-13,48.49,48.62,48.07,48.31,42.68774,463528,463500,-0.18,-0.37121,48.31,"August 13, 21",-0.0037121,GLPI
2021-08-12,48.36,48.37,47.72,48.32,42.696575,539012,539000,-0.04,-0.08271299,48.09,"August 12, 21",-0.0008271299,GLPI
2021-08-11,47.69,48.33,47.3,48.25,42.634724,484503,484500,0.56,1.17,48.07,"August 11, 21",0.0117,GLPI
2021-08-10,47.92,47.96,47.3,47.31,41.804115,441243,441200,-0.61,-1.27,47.57,"August 10, 21",-0.0127,GLPI
2021-08-09,48.16,48.16,47.73,47.84,42.272434,439729,439700,-0.32,-0.66445,47.87,"August 09, 21",-0.0066445,GLPI
2021-08-06,49.09,49.32,48.2,48.29,42.670067,437928,437900,-0.8,-1.63,48.49,"August 06, 21",-0.0163,GLPI
2021-08-05,48.27,49.14,48.26,48.85,43.164894,1119086,1119100,0.58,1.2,48.73,"August 05, 21",0.012,GLPI
2021-08-04,46.57,48.11,46.23,47.95,42.369637,1493335,1493300,1.38,2.96,47.7,"August 04, 21",0.0296,GLPI
2021-08-03,46.52,46.7,45.495,46.02,40.664246,732639,732600,-0.5,-1.07,45.83,"August 03, 21",-0.0107,GLPI
2021-08-02,47.63,48.51,46.35,46.49,41.079548,726137,726100,-1.14,-2.39,46.85,"August 02, 21",-0.0239,GLPI
2021-07-30,47.46,48.2,47.14,47.34,41.830627,1090002,1090000,-0.12,-0.25284,47.51,"July 30, 21",-0.0025284,GLPI
2021-07-29,47.53,47.96,47.48,47.48,41.954334,748919,748900,-0.05,-0.1052,47.68,"July 29, 21",-0.001052,GLPI
2021-07-28,47.455,47.725,46.935,47.54,42.007359,619522,619500,0.085,0.17912,47.46,"July 28, 21",0.0017912,GLPI
2021-07-27,46.96,47.51,46.71,47.46,41.936661,721682,721700,0.5,1.06,47.23,"July 27, 21",0.0106,GLPI
2021-07-26,47.17,47.43,46.93,47.06,41.583214,771178,771200,-0.11,-0.2332,47.08,"July 26, 21",-0.002332,GLPI
2021-07-23,47.37,47.53,47.14,47.26,41.75993,477564,477600,-0.11,-0.23221,47.28,"July 23, 21",-0.0023221,GLPI
2021-07-22,47.16,47.26,46.69,47.06,41.583214,536944,536900,-0.1,-0.21204,47.01,"July 22, 21",-0.0021204,GLPI
2021-07-21,47.19,47.78,47.14,47.39,41.874805,840426,840400,0.2,0.42382,47.51,"July 21, 21",0.0042382,GLPI
2021-07-20,45.95,47.45,45.82,47.1,41.618557,1155404,1155400,1.15,2.5,47.11,"July 20, 21",0.025,GLPI
2021-07-19,46.2015,46.27,45.1101,45.81,40.478691,1075425,1075400,-0.3915,-0.84738,45.65,"July 19, 21",-0.0084738,GLPI
2021-07-16,47.11,47.49,46.7,46.75,41.309288,745242,745200,-0.36,-0.76417,47.06,"July 16, 21",-0.0076417,GLPI
2021-07-15,46.62,46.93,46.41,46.9,41.44183,441874,441900,0.28,0.6006,46.75,"July 15, 21",0.006006,GLPI
2021-07-14,46.65,47.075,46.62,46.69,41.256268,387118,387100,0.04,0.08574491,46.79,"July 14, 21",0.0008574491,GLPI
2021-07-13,47.04,47.1499,46.53,46.56,41.141399,525210,525200,-0.48,-1.02,46.7,"July 13, 21",-0.0102,GLPI
2021-07-12,47.0,47.24,46.76,47.12,41.636234,534164,534200,0.12,0.25532,47.06,"July 12, 21",0.0025532,GLPI
2021-07-09,46.16,46.87,46.13,46.85,41.397648,632004,632000,0.69,1.49,46.61,"July 09, 21",0.0149,GLPI
2021-07-08,45.73,46.15,45.27,45.98,40.628902,552893,552900,0.25,0.54669,45.89,"July 08, 21",0.0054669,GLPI
2021-07-07,46.31,46.52,46.0121,46.21,40.832134,938565,938600,-0.1,-0.21594,46.34,"July 07, 21",-0.0021594,GLPI
2021-07-06,46.5,46.7,45.4601,46.25,40.867481,774541,774500,-0.25,-0.53763,46.04,"July 06, 21",-0.0053763,GLPI
2021-07-02,46.26,46.61,46.18,46.44,41.035366,811857,811900,0.18,0.38911,46.41,"July 02, 21",0.0038911,GLPI
2021-07-01,46.45,46.6706,45.92,46.05,40.69075,1091120,1091100,-0.4,-0.86114,46.19,"July 01, 21",-0.0086114,GLPI
2021-06-30,46.1,46.54,46.1,46.33,40.938175,1224063,1224100,0.23,0.49892,46.33,"June 30, 21",0.0049892,GLPI
2021-06-29,46.08,46.52,45.96,46.08,40.717262,681398,681400,0.0,0.0,46.25,"June 29, 21",0.0,GLPI
2021-06-28,46.31,46.5477,45.58,46.08,40.717262,715242,715200,-0.23,-0.49665,45.94,"June 28, 21",-0.0049665,GLPI
2021-06-25,45.85,46.58,45.74,46.24,40.858646,1241888,1241900,0.39,0.8506,46.22,"June 25, 21",0.008506,GLPI
2021-06-24,46.17,46.3,45.69,45.85,40.514027,651588,651600,-0.32,-0.69309,45.87,"June 24, 21",-0.0069309,GLPI
2021-06-23,46.39,46.7499,46.08,46.09,40.726101,521336,521300,-0.3,-0.64669,46.28,"June 23, 21",-0.0064669,GLPI
2021-06-22,46.68,46.75,46.17,46.45,41.044205,464031,464000,-0.23,-0.49272,46.52,"June 22, 21",-0.0049272,GLPI
2021-06-21,45.95,46.67,45.71,46.61,41.185581,624849,624800,0.66,1.44,46.4,"June 21, 21",0.0144,GLPI
2021-06-18,46.46,46.61,45.46,45.71,40.390327,1779610,1779600,-0.75,-1.61,45.89,"June 18, 21",-0.0161,GLPI
2021-06-17,47.01,47.29,46.31,46.88,41.424164,603928,603900,-0.13,-0.27654,46.76,"June 17, 21",-0.0027654,GLPI
2021-06-16,47.35,47.7,47.01,47.06,41.583214,504943,504900,-0.29,-0.61246,47.23,"June 16, 21",-0.0061246,GLPI
2021-06-15,47.6,47.695,47.21,47.32,41.812954,537346,537300,-0.28,-0.58824,47.37,"June 15, 21",-0.0058824,GLPI
2021-06-14,47.98,47.99,47.45,47.83,42.263603,501536,501500,-0.15,-0.31263,47.69,"June 14, 21",-0.0031263,GLPI
2021-06-11,47.87,47.92,47.515,47.86,42.290104,725370,725300,-0.01,-0.02088991,47.75,"June 11, 21",-0.0002088991,GLPI
2021-06-10,47.61,47.95,47.3501,47.84,42.272434,681879,681800,0.23,0.48309,47.74,"June 10, 21",0.0048309,GLPI
2021-06-09,48.5,48.92,48.35,48.45,42.219425,644743,644700,-0.05,-0.10309,48.52,"June 09, 21",-0.0010309,GLPI
2021-06-08,48.02,48.63,47.97,48.34,42.123566,686178,685900,0.32,0.66639,48.35,"June 08, 21",0.0066639,GLPI
2021-06-07,47.68,48.1,47.52,47.97,41.801147,903611,903600,0.29,0.60822,47.94,"June 07, 21",0.0060822,GLPI
2021-06-04,47.23,47.29,46.81,47.18,41.112736,868502,868500,-0.05,-0.10586,47.1,"June 04, 21",-0.0010586,GLPI
2021-06-03,47.55,47.67,47.03,47.12,41.060459,651769,651700,-0.43,-0.90431,47.19,"June 03, 21",-0.0090431,GLPI
2021-06-02,47.37,47.58,47.0,47.44,41.339298,1040453,1040500,0.07,0.14777,47.29,"June 02, 21",0.0014777,GLPI
2021-06-01,46.94,47.24,46.575,47.1,41.043026,950158,950200,0.16,0.34086,46.95,"June 01, 21",0.0034086,GLPI
2021-05-28,46.46,46.48,46.09,46.36,40.398193,646124,646100,-0.1,-0.21524,46.37,"May 28, 21",-0.0021524,GLPI
2021-05-27,46.72,46.76,46.03,46.12,40.189045,748729,748700,-0.6,-1.28,46.31,"May 27, 21",-0.0128,GLPI
2021-05-26,46.39,46.82,46.13,46.47,40.494045,739995,740000,0.08,0.17245,46.58,"May 26, 21",0.0017245,GLPI
2021-05-25,46.28,46.54,46.09,46.27,40.319767,866422,866400,-0.01,-0.02160761,46.33,"May 25, 21",-0.0002160761,GLPI
2021-05-24,46.36,46.655,46.12,46.3,40.345905,750157,750200,-0.06,-0.12942,46.42,"May 24, 21",-0.0012942,GLPI
2021-05-21,45.96,46.135,45.68,45.87,39.971203,779891,779900,-0.09,-0.19582,45.92,"May 21, 21",-0.0019582,GLPI
2021-05-20,45.32,45.68,45.23,45.6,39.735928,807358,807400,0.28,0.61783,45.54,"May 20, 21",0.0061783,GLPI
2021-05-19,45.47,45.49,44.97,45.32,39.491932,718845,718800,-0.15,-0.32989,45.27,"May 19, 21",-0.0032989,GLPI
2021-05-18,45.67,46.25,45.36,45.83,39.936352,570054,570100,0.16,0.35034,45.91,"May 18, 21",0.0035034,GLPI
2021-05-17,45.89,45.98,45.41,45.67,39.796925,585464,585500,-0.22,-0.47941,45.74,"May 17, 21",-0.0047941,GLPI
2021-05-14,45.11,46.18,45.02,45.98,40.067059,644795,644800,0.87,1.93,45.94,"May 14, 21",0.0193,GLPI
2021-05-13,44.67,45.22,44.42,44.85,39.082363,684625,684300,0.18,0.40296,44.81,"May 13, 21",0.0040296,GLPI
2021-05-12,45.46,45.75,44.12,44.3,38.603104,758368,758400,-1.16,-2.55,44.55,"May 12, 21",-0.0255,GLPI
2021-05-11,45.73,45.76,44.97,45.52,39.666206,562696,562700,-0.21,-0.45922,45.42,"May 11, 21",-0.0045922,GLPI
2021-05-10,47.29,47.5,46.09,46.1,40.171619,772671,772700,-1.19,-2.52,46.46,"May 10, 21",-0.0252,GLPI
2021-05-07,45.56,47.18,45.56,47.11,41.051739,797939,797900,1.55,3.4,46.88,"May 07, 21",0.034,GLPI
2021-05-06,46.21,46.335,45.04,45.5,39.648788,749701,749700,-0.71,-1.54,45.53,"May 06, 21",-0.0154,GLPI
2021-05-05,46.9125,46.9125,46.01,46.21,40.267479,1355717,1355700,-0.7025,-1.5,46.26,"May 05, 21",-0.015,GLPI
2021-05-04,46.79,46.93,46.4,46.7,40.694466,1051347,1051300,-0.09,-0.19235,46.67,"May 04, 21",-0.0019235,GLPI
2021-05-03,46.89,47.18,46.36,46.67,40.668327,1166729,1166500,-0.22,-0.46918,46.74,"May 03, 21",-0.0046918,GLPI
2021-04-30,46.54,46.97,46.11,46.49,40.511471,1619724,1619700,-0.05,-0.10743,46.59,"April 30, 21",-0.0010743,GLPI
2021-04-29,46.53,46.94,46.21,46.85,40.825172,909363,909400,0.32,0.68773,46.65,"April 29, 21",0.0068773,GLPI
2021-04-28,46.21,46.68,45.88,46.03,40.110626,633928,633900,-0.18,-0.38953,46.23,"April 28, 21",-0.0038953,GLPI
2021-04-27,46.16,46.187,45.78,46.06,40.136772,821896,821900,-0.1,-0.21664,46.05,"April 27, 21",-0.0021664,GLPI
2021-04-26,46.23,46.31,45.88,46.04,40.119343,736756,736800,-0.19,-0.41099,46.09,"April 26, 21",-0.0041099,GLPI
2021-04-23,45.2,45.98,45.01,45.94,40.032204,690081,690100,0.74,1.64,45.65,"April 23, 21",0.0164,GLPI
2021-04-22,46.07,46.34,45.14,45.16,39.352505,1552419,1552400,-0.91,-1.98,45.43,"April 22, 21",-0.0198,GLPI
2021-04-21,45.75,46.26,45.47,46.06,40.136772,824627,824600,0.31,0.6776,46.0,"April 21, 21",0.006776,GLPI
2021-04-20,44.78,45.61,44.7,45.51,39.657497,745828,745800,0.73,1.63,45.28,"April 20, 21",0.0163,GLPI
2021-04-19,45.56,45.675,44.64,44.81,39.04752,889178,889200,-0.75,-1.65,44.95,"April 19, 21",-0.0165,GLPI
2021-04-16,45.11,45.595,44.97,45.43,39.587788,1291889,1291900,0.32,0.70938,45.3,"April 16, 21",0.0070938,GLPI
2021-04-15,44.68,45.2,44.63,45.02,39.230511,934426,934400,0.34,0.76097,44.93,"April 15, 21",0.0076097,GLPI
2021-04-14,44.6,45.8,44.6,44.71,38.960381,1146864,1146900,0.11,0.24664,45.12,"April 14, 21",0.0024664,GLPI
2021-04-13,43.25,44.78,43.05,44.68,38.934231,2977490,2977500,1.43,3.31,44.19,"April 13, 21",0.0331,GLPI
2021-04-12,43.56,43.56,42.9,43.34,37.766552,582331,582300,-0.22,-0.50505,43.22,"April 12, 21",-0.0050505,GLPI
2021-04-09,43.68,43.88,43.14,43.26,37.696842,857485,857500,-0.42,-0.96154,43.35,"April 09, 21",-0.0096154,GLPI
2021-04-08,43.85,44.13,43.59,43.7,38.080261,1050187,1050200,-0.15,-0.34208,43.76,"April 08, 21",-0.0034208,GLPI
2021-04-07,44.03,44.14,43.52,43.73,38.106403,808366,808400,-0.3,-0.68135,43.71,"April 07, 21",-0.0068135,GLPI
2021-04-06,44.17,44.22,43.79,43.92,38.271973,891340,891300,-0.25,-0.566,43.95,"April 06, 21",-0.00566,GLPI
2021-04-05,43.95,44.08,43.35,43.91,38.263248,945107,945100,-0.04,-0.09101251,43.71,"April 05, 21",-0.0009101251,GLPI
2021-04-01,42.94,43.73,42.76,43.67,38.054115,1561901,1561900,0.73,1.7,43.31,"April 01, 21",0.017,GLPI
2021-03-31,42.15,42.84,41.84,42.43,36.973583,1189229,1189200,0.28,0.66429,42.48,"March 31, 21",0.0066429,GLPI
2021-03-30,41.7,42.56,41.52,42.19,36.764442,829498,829500,0.49,1.18,42.17,"March 30, 21",0.0118,GLPI
2021-03-29,42.3,42.58,41.35,41.63,36.276463,770187,770200,-0.67,-1.58,41.71,"March 29, 21",-0.0158,GLPI
2021-03-26,42.01,42.34,41.44,42.26,36.825443,517451,517500,0.25,0.5951,41.85,"March 26, 21",0.005951,GLPI
2021-03-25,41.22,41.93,40.71,41.82,36.442024,842596,842600,0.6,1.46,41.5,"March 25, 21",0.0146,GLPI
2021-03-24,42.33,42.65,41.46,41.49,36.154465,794472,794500,-0.84,-1.98,42.01,"March 24, 21",-0.0198,GLPI
2021-03-23,42.4,42.6,41.78,42.01,36.607597,1214005,1214000,-0.39,-0.91981,42.04,"March 23, 21",-0.0091981,GLPI
2021-03-22,42.34,42.83,42.16,42.37,36.921295,859159,859200,0.03,0.07085498,42.46,"March 22, 21",0.0007085498,GLPI
2021-03-19,42.68,43.0099,42.11,42.12,36.703442,1857391,1857200,-0.56,-1.31,42.44,"March 19, 21",-0.0131,GLPI
2021-03-18,43.75,44.08,42.55,42.79,37.287292,929318,929300,-0.96,-2.19,43.05,"March 18, 21",-0.0219,GLPI
2021-03-17,44.19,44.3,43.35,44.09,38.420109,1003354,1003300,-0.1,-0.2263,43.87,"March 17, 21",-0.002263,GLPI
2021-03-16,44.86,45.21,43.62,44.07,38.402679,1318475,1318500,-0.79,-1.76,44.31,"March 16, 21",-0.0176,GLPI
2021-03-15,43.54,45.34,43.31,44.85,39.082363,2332674,2313900,1.31,3.01,44.72,"March 15, 21",0.0301,GLPI
2021-03-12,42.26,42.97,41.91,42.96,37.435429,1593456,1593500,0.7,1.66,42.66,"March 12, 21",0.0166,GLPI
2021-03-11,42.41,42.565,41.58,42.36,36.912582,1518741,1518700,-0.05,-0.1179,42.18,"March 11, 21",-0.001179,GLPI
2021-03-10,41.77,42.45,41.37,41.98,36.581444,1280644,1280600,0.21,0.50275,42.04,"March 10, 21",0.0050275,GLPI
2021-03-09,41.59,42.04,41.53,41.69,36.328743,1407967,1408000,0.1,0.24044,41.74,"March 09, 21",0.0024044,GLPI
2021-03-08,42.37,42.88,41.52,41.59,36.241604,1278344,1278300,-0.78,-1.84,41.99,"March 08, 21",-0.0184,GLPI
2021-03-05,42.98,43.5299,41.87,43.16,37.043293,1611649,1611600,0.18,0.4188,42.95,"March 05, 21",0.004188,GLPI
2021-03-04,43.86,44.47,42.69,42.89,36.811562,1569271,1569300,-0.97,-2.21,43.29,"March 04, 21",-0.0221,GLPI
2021-03-03,43.98,44.34,43.172,43.76,37.558262,4324554,4324600,-0.22,-0.50023,43.89,"March 03, 21",-0.0050023,GLPI
2021-03-02,44.29,44.3599,43.75,44.23,37.961647,1187604,1187600,-0.06,-0.13547,44.16,"March 02, 21",-0.0013547,GLPI
2021-03-01,45.645,45.75,44.02,44.24,37.970234,1473381,1473400,-1.405,-3.08,44.5,"March 01, 21",-0.0308,GLPI
2021-02-26,44.21,45.09,43.94,44.4,38.107555,2600171,2600200,0.19,0.42977,44.44,"February 26, 21",0.0042977,GLPI
2021-02-25,44.21,44.64,43.61,44.18,37.918739,2542794,2542800,-0.03,-0.06785795,44.13,"February 25, 21",-0.0006785795,GLPI
2021-02-24,43.95,44.89,43.81,44.15,37.89299,1042457,1042500,0.2,0.45506,44.2,"February 24, 21",0.0045506,GLPI
2021-02-23,43.21,43.91,42.78,43.76,37.558262,1227008,1227000,0.55,1.27,43.54,"February 23, 21",0.0127,GLPI
2021-02-22,43.17,43.48,42.67,43.19,37.069038,1200735,1200700,0.02,0.04632847,43.12,"February 22, 21",0.0004632847,GLPI
2021-02-19,42.65,43.93,42.33,43.11,37.000381,1460924,1460900,0.46,1.08,43.0,"February 19, 21",0.0108,GLPI
2021-02-18,44.05,44.57,43.29,43.37,37.22353,1175253,1175300,-0.68,-1.54,43.63,"February 18, 21",-0.0154,GLPI
2021-02-17,44.15,44.3,43.77,44.16,37.901573,1060032,1060000,0.01,0.02265006,44.14,"February 17, 21",0.0002265006,GLPI
2021-02-16,44.16,44.22,43.6,44.1,37.850071,1095911,1095900,-0.06,-0.13587,43.94,"February 16, 21",-0.0013587,GLPI
2021-02-12,43.19,44.18,43.17,44.04,37.798576,839900,839900,0.85,1.97,43.92,"February 12, 21",0.0197,GLPI
2021-02-11,42.91,43.46,42.88,43.42,37.266445,752892,752900,0.51,1.19,43.21,"February 11, 21",0.0119,GLPI
2021-02-10,43.0,43.64,42.835,42.88,36.802975,820735,820700,-0.12,-0.27907,43.11,"February 10, 21",-0.0027907,GLPI
2021-02-09,43.05,43.1,42.36,42.77,36.708561,831998,832000,-0.28,-0.65041,42.67,"February 09, 21",-0.0065041,GLPI
2021-02-08,43.41,43.425,42.51,43.1,36.991798,866837,866800,-0.31,-0.71412,43.06,"February 08, 21",-0.0071412,GLPI
2021-02-05,43.5,44.2,43.24,43.61,37.429512,716543,716500,0.11,0.25287,43.7,"February 05, 21",0.0025287,GLPI
2021-02-04,42.83,43.33,42.6,43.24,37.111958,881485,881500,0.41,0.95727,43.15,"February 04, 21",0.0095727,GLPI
2021-02-03,42.93,42.97,42.34,42.7,36.648487,663371,663400,-0.23,-0.53576,42.64,"February 03, 21",-0.0053576,GLPI
2021-02-02,42.12,43.09,41.73,42.91,36.828728,821686,821700,0.79,1.88,42.84,"February 02, 21",0.0188,GLPI
2021-02-01,41.33,41.96,40.94,41.85,35.918949,944195,944200,0.52,1.26,41.74,"February 01, 21",0.0126,GLPI
2021-01-29,41.17,41.57,40.45,41.13,35.300991,1090629,1090600,-0.04,-0.09715812,41.13,"January 29, 21",-0.0009715812,GLPI
2021-01-28,40.52,41.84,40.04,41.42,35.549896,1824679,1824700,0.9,2.22,41.43,"January 28, 21",0.0222,GLPI
2021-01-27,40.81,41.0,39.81,40.34,34.622944,2161694,2161700,-0.47,-1.15,40.3,"January 27, 21",-0.0115,GLPI
2021-01-26,41.33,41.51,40.67,41.01,35.19799,1237428,1237400,-0.32,-0.77426,40.99,"January 26, 21",-0.0077426,GLPI
2021-01-25,41.48,41.88,40.82,41.18,35.343906,1121227,1121200,-0.3,-0.72324,41.16,"January 25, 21",-0.0072324,GLPI
2021-01-22,40.97,41.38,40.28,41.3,35.446888,2225284,2225300,0.33,0.80547,40.75,"January 22, 21",0.0080547,GLPI
2021-01-21,41.0,41.29,40.3,40.96,35.155083,1335671,1335700,-0.04,-0.09756098,41.03,"January 21, 21",-0.0009756098,GLPI
2021-01-20,40.2,41.37,40.2,41.1,35.275234,1144408,1144400,0.9,2.24,41.03,"January 20, 21",0.0224,GLPI
2021-01-19,39.84,40.43,39.31,40.29,34.580036,1076509,1076500,0.45,1.13,40.04,"January 19, 21",0.0113,GLPI
2021-01-15,39.36,39.97,39.08,39.83,34.185226,1236855,1236900,0.47,1.19,39.7,"January 15, 21",0.0119,GLPI
2021-01-14,40.74,41.32,39.35,39.39,33.807583,1955095,1955100,-1.35,-3.31,39.61,"January 14, 21",-0.0331,GLPI
2021-01-13,40.62,41.06,40.32,40.4,34.67445,919156,919200,-0.22,-0.54161,40.48,"January 13, 21",-0.0054161,GLPI
2021-01-12,41.36,41.41,40.52,40.53,34.786018,883530,883500,-0.83,-2.01,40.74,"January 12, 21",-0.0201,GLPI
2021-01-11,41.44,41.81,41.07,41.22,35.378235,650410,650400,-0.22,-0.53089,41.27,"January 11, 21",-0.0053089,GLPI
2021-01-08,41.91,42.49,41.5,41.59,35.695793,839599,839600,-0.32,-0.76354,41.78,"January 08, 21",-0.0076354,GLPI
2021-01-07,41.22,41.94,40.86,41.74,35.824539,1114532,1114500,0.52,1.26,41.62,"January 07, 21",0.0126,GLPI
2021-01-06,41.36,41.89,41.02,41.15,35.318153,1141518,1141500,-0.21,-0.50774,41.33,"January 06, 21",-0.0050774,GLPI
2021-01-05,40.2,41.46,40.2,41.06,35.24091,1279528,1279500,0.86,2.14,41.09,"January 05, 21",0.0214,GLPI
2021-01-04,42.47,43.08,40.54,40.61,34.854683,1115557,1115600,-1.86,-4.38,41.07,"January 04, 21",-0.0438,GLPI
2020-12-31,42.21,42.51,41.48,42.4,36.390995,836377,836400,0.19,0.45013,42.17,"December 31, 20",0.0045013,GLPI
2020-12-30,42.15,42.78,41.93,42.12,36.150681,520189,520200,-0.03,-0.07117438,42.19,"December 30, 20",-0.0007117438,GLPI
2020-12-29,42.94,42.99,41.645,42.05,36.090611,642248,642200,-0.89,-2.07,41.98,"December 29, 20",-0.0207,GLPI
2020-12-28,42.96,43.19,42.31,42.67,36.622734,750392,750400,-0.29,-0.67505,42.65,"December 28, 20",-0.0067505,GLPI
2020-12-24,42.35,43.01,42.03,43.0,36.905972,393583,393600,0.65,1.53,42.71,"December 24, 20",0.0153,GLPI
2020-12-23,43.06,43.39,42.18,42.3,36.305172,960598,960600,-0.76,-1.76,42.57,"December 23, 20",-0.0176,GLPI
2020-12-22,41.83,42.82,41.83,42.76,36.699978,860885,860900,0.93,2.22,42.53,"December 22, 20",0.0222,GLPI
2020-12-21,41.5,42.17,41.29,42.03,36.073437,1089308,1089300,0.53,1.28,41.84,"December 21, 20",0.0128,GLPI
2020-12-18,44.07,44.38,42.21,42.47,36.45108,3507060,3507100,-1.6,-3.63,42.62,"December 18, 20",-0.0363,GLPI
2020-12-17,43.86,44.405,43.22,43.91,37.687,1168487,1168500,0.05,0.114,43.99,"December 17, 20",0.00114,GLPI
2020-12-16,43.65,43.99,43.151,43.49,37.32653,1290830,1290800,-0.16,-0.36655,43.51,"December 16, 20",-0.0036655,GLPI
2020-12-15,42.24,42.96,42.0,42.95,36.863052,1330535,1330500,0.71,1.68,42.71,"December 15, 20",0.0168,GLPI
2020-12-14,42.84,43.54,42.02,42.14,36.16785,1154899,1154900,-0.7,-1.63,42.34,"December 14, 20",-0.0163,GLPI
2020-12-11,42.46,43.09,41.765,42.68,36.631317,1061340,1061300,0.22,0.51813,42.4,"December 11, 20",0.0051813,GLPI
2020-12-10,42.33,42.87,42.19,42.77,36.708561,1045734,1045700,0.44,1.04,42.66,"December 10, 20",0.0104,GLPI
2020-12-09,42.82,42.84,42.21,42.63,36.588406,1109866,1109900,-0.19,-0.44372,42.51,"December 09, 20",-0.0044372,GLPI
2020-12-08,41.79,42.4,41.72,42.36,36.35667,754116,754100,0.57,1.36,42.22,"December 08, 20",0.0136,GLPI
2020-12-07,41.96,42.5,41.53,41.96,36.013359,962032,962000,0.0,0.0,41.89,"December 07, 20",0.0,GLPI
2020-12-04,42.84,42.84,41.715,42.11,36.142105,734944,734900,-0.73,-1.7,42.08,"December 04, 20",-0.017,GLPI
2020-12-03,41.63,42.53,41.575,42.275,36.283714,830916,830900,0.645,1.55,42.24,"December 03, 20",0.0155,GLPI
2020-12-02,41.69,42.12,40.72,41.61,35.712963,1384263,1384300,-0.08,-0.19189,41.53,"December 02, 20",-0.0019189,GLPI
2020-12-01,42.1,42.49,41.42,41.89,35.953281,1120223,1120200,-0.21,-0.49881,41.9,"December 01, 20",-0.0049881,GLPI
2020-11-30,41.36,41.71,41.06,41.54,35.652882,1970712,1970700,0.18,0.4352,41.45,"November 30, 20",0.004352,GLPI
2020-11-27,41.71,42.37,41.37,41.56,35.670052,402819,402800,-0.15,-0.35963,41.66,"November 27, 20",-0.0035963,GLPI
2020-11-25,42.72,42.795,41.51,42.04,36.082027,885032,885000,-0.68,-1.59,41.95,"November 25, 20",-0.0159,GLPI
2020-11-24,43.685,43.685,42.56,42.65,36.605568,1880402,1880400,-1.035,-2.37,42.87,"November 24, 20",-0.0237,GLPI
2020-11-23,41.5,43.105,41.325,42.52,36.493992,2686905,2686900,1.02,2.46,42.46,"November 23, 20",0.0246,GLPI
2020-11-20,41.0,41.415,40.77,41.31,35.455479,1358638,1358600,0.31,0.7561,41.13,"November 20, 20",0.007561,GLPI
2020-11-19,40.97,41.38,40.28,41.34,35.481228,815795,815800,0.37,0.9031,41.12,"November 19, 20",0.009031,GLPI
2020-11-18,41.49,41.85,40.95,40.98,35.172249,1154545,1154300,-0.51,-1.23,41.31,"November 18, 20",-0.0123,GLPI
2020-11-17,41.36,41.795,40.73,41.56,35.670052,1114253,1114300,0.2,0.48356,41.4,"November 17, 20",0.0048356,GLPI
2020-11-16,42.57,42.765,41.2,41.9,35.961861,862070,862100,-0.67,-1.57,41.97,"November 16, 20",-0.0157,GLPI
2020-11-13,40.75,41.75,40.6371,41.65,35.747299,914600,914600,0.9,2.21,41.5,"November 13, 20",0.0221,GLPI
2020-11-12,41.27,41.575,40.35,40.71,34.837513,1266909,1266900,-0.56,-1.36,40.73,"November 12, 20",-0.0136,GLPI
2020-11-11,41.41,41.5,40.693,41.24,35.291061,1230482,1230500,-0.17,-0.41053,41.15,"November 11, 20",-0.0041053,GLPI
2020-11-10,39.86,41.42,39.51,41.21,35.265388,1560053,1560100,1.35,3.39,40.87,"November 10, 20",0.0339,GLPI
2020-11-09,42.0,43.67,39.73,39.84,34.093018,1525372,1525400,-2.16,-5.14,40.46,"November 09, 20",-0.0514,GLPI
2020-11-06,39.84,39.84,38.82,39.68,33.9561,800673,800700,-0.16,-0.40161,39.53,"November 06, 20",-0.0040161,GLPI
2020-11-05,39.77,39.84,39.15,39.51,33.810619,964769,964800,-0.26,-0.65376,39.46,"November 05, 20",-0.0065376,GLPI
2020-11-04,38.6,39.7,38.52,39.43,33.742165,876754,876800,0.83,2.15,39.34,"November 04, 20",0.0215,GLPI
2020-11-03,38.04,39.0,37.93,38.68,33.100346,1463123,1463100,0.64,1.68,38.51,"November 03, 20",0.0168,GLPI
2020-11-02,37.38,37.77,36.95,37.49,32.082008,1741713,1741700,0.11,0.29428,37.31,"November 02, 20",0.0029428,GLPI
2020-10-30,37.11,37.46,36.18,36.35,31.106449,3774841,3774800,-0.76,-2.05,36.67,"October 30, 20",-0.0205,GLPI
2020-10-29,36.95,38.07,36.73,37.47,32.064892,639717,639700,0.52,1.41,37.51,"October 29, 20",0.0141,GLPI
2020-10-28,36.63,38.06,36.2,36.74,31.440197,1386863,1386900,0.11,0.3003,36.83,"October 28, 20",0.003003,GLPI
2020-10-27,38.22,38.48,37.2,37.31,31.927973,764228,764200,-0.91,-2.38,37.53,"October 27, 20",-0.0238,GLPI
2020-10-26,38.75,38.85,37.71,38.1,32.604015,690417,690400,-0.65,-1.68,38.16,"October 26, 20",-0.0168,GLPI
2020-10-23,39.29,39.5,38.47,39.2,33.545334,471839,471800,-0.09,-0.22907,39.12,"October 23, 20",-0.0022907,GLPI
2020-10-22,38.14,39.28,38.05,39.22,33.56245,892677,892700,1.08,2.83,38.98,"October 22, 20",0.0283,GLPI
2020-10-21,37.34,38.22,36.91,38.05,32.561226,610786,610800,0.71,1.9,37.83,"October 21, 20",0.019,GLPI
2020-10-20,37.49,37.88,37.16,37.42,32.022102,471490,471500,-0.07,-0.18672,37.54,"October 20, 20",-0.0018672,GLPI
2020-10-19,37.9,38.19,36.84,37.09,31.73971,653798,653800,-0.81,-2.14,37.3,"October 19, 20",-0.0214,GLPI
2020-10-16,38.48,38.87,37.92,37.92,32.449978,431501,431500,-0.56,-1.46,38.2,"October 16, 20",-0.0146,GLPI
2020-10-15,37.33,38.65,37.04,38.61,33.040451,821349,821300,1.28,3.43,38.33,"October 15, 20",0.0343,GLPI
2020-10-14,38.07,38.29,37.25,37.41,32.013546,571512,571500,-0.66,-1.73,37.57,"October 14, 20",-0.0173,GLPI
2020-10-13,37.76,38.05,37.54,37.8,32.347286,774635,774600,0.04,0.10593,37.79,"October 13, 20",0.0010593,GLPI
2020-10-12,38.62,38.62,37.78,38.08,32.586895,669899,669900,-0.54,-1.4,38.07,"October 12, 20",-0.014,GLPI
2020-10-09,38.71,38.71,37.65,38.28,32.758045,555681,555700,-0.43,-1.11,38.16,"October 09, 20",-0.0111,GLPI
2020-10-08,37.7,38.53,37.59,38.24,32.723816,704805,704800,0.54,1.43,38.24,"October 08, 20",0.0143,GLPI
2020-10-07,37.83,38.01,37.38,37.53,32.116245,787392,787400,-0.3,-0.79302,37.67,"October 07, 20",-0.0079302,GLPI
2020-10-06,37.77,37.87,36.73,37.41,32.013546,1168105,1168100,-0.36,-0.95314,37.37,"October 06, 20",-0.0095314,GLPI
2020-10-05,38.13,38.45,36.91,37.52,32.107689,815789,815800,-0.61,-1.6,37.34,"October 05, 20",-0.016,GLPI
2020-10-02,37.26,38.25,37.01,37.81,32.355858,1221245,1221200,0.55,1.48,37.79,"October 02, 20",0.0148,GLPI
2020-10-01,37.05,38.19,36.77,38.18,32.672474,833754,833800,1.13,3.05,37.75,"October 01, 20",0.0305,GLPI
2020-09-30,37.22,38.16,36.75,36.93,31.602787,1369823,1369800,-0.29,-0.77915,37.31,"September 30, 20",-0.0077915,GLPI
2020-09-29,37.79,37.79,36.48,36.9,31.57712,785098,785100,-0.89,-2.36,36.9,"September 29, 20",-0.0236,GLPI
2020-09-28,38.78,38.89,37.92,38.02,32.535549,817334,817300,-0.76,-1.96,38.15,"September 28, 20",-0.0196,GLPI
2020-09-25,36.63,37.95,36.57,37.88,32.415752,1129416,1129100,1.25,3.41,37.6,"September 25, 20",0.0341,GLPI
2020-09-24,35.55,37.49,35.1,36.78,31.474424,1490505,1490500,1.23,3.46,36.73,"September 24, 20",0.0346,GLPI
2020-09-23,36.3,36.98,35.59,35.62,30.48176,1494050,1494100,-0.68,-1.87,36.13,"September 23, 20",-0.0187,GLPI
2020-09-22,36.43,37.19,36.13,36.36,31.115015,786701,786700,-0.07,-0.19215,36.52,"September 22, 20",-0.0019215,GLPI
2020-09-21,36.57,36.61,35.33,36.1,30.892519,1447250,1447300,-0.47,-1.29,36.04,"September 21, 20",-0.0129,GLPI
2020-09-18,37.85,37.85,37.03,37.24,31.868073,2175684,2175700,-0.61,-1.61,37.28,"September 18, 20",-0.0161,GLPI
2020-09-17,38.18,38.49,37.45,37.98,32.501324,1182499,1182500,-0.2,-0.52383,37.93,"September 17, 20",-0.0052383,GLPI
2020-09-16,38.95,39.07,38.22,38.505,32.950592,1072704,1072700,-0.445,-1.14,38.64,"September 16, 20",-0.0114,GLPI
2020-09-15,38.5,39.655,38.37,38.68,33.100346,753274,753300,0.18,0.46753,39.03,"September 15, 20",0.0046753,GLPI
2020-09-14,37.33,38.315,37.32,38.24,32.723816,821106,821100,0.91,2.44,38.03,"September 14, 20",0.0244,GLPI
2020-09-11,38.11,38.12,36.92,37.51,32.099121,638048,638000,-0.6,-1.57,37.42,"September 11, 20",-0.0157,GLPI
2020-09-10,37.7994,38.51,37.7,37.92,32.449978,1387982,1388000,0.1206,0.31905,38.03,"September 10, 20",0.0031905,GLPI
2020-09-09,37.39,37.86,37.36,37.755,32.308777,882477,882500,0.365,0.9762,37.6,"September 09, 20",0.009762,GLPI
2020-09-08,37.1,37.7,36.71,37.13,31.773945,897383,897400,0.03,0.08086253,37.29,"September 08, 20",0.0008086253,GLPI
2020-09-04,37.69,37.96,36.28,37.65,32.218925,765292,765300,-0.04,-0.10613,37.3,"September 04, 20",-0.0010613,GLPI
2020-09-03,37.86,38.06,37.02,37.45,32.047771,816765,816800,-0.41,-1.08,37.48,"September 03, 20",-0.0108,GLPI
2020-09-02,37.09,37.8,36.58,37.74,32.295944,1140019,1140000,0.65,1.75,37.47,"September 02, 20",0.0175,GLPI
2020-09-01,36.14,37.33,35.73,37.24,31.868073,855045,855000,1.1,3.04,37.06,"September 01, 20",0.0304,GLPI
2020-08-31,37.42,37.48,36.06,36.35,31.106449,820311,820300,-1.07,-2.86,36.38,"August 31, 20",-0.0286,GLPI
2020-08-28,37.81,37.89,36.91,37.49,32.082008,760933,749900,-0.32,-0.84634,37.37,"August 28, 20",-0.0084634,GLPI
2020-08-27,36.93,37.99,36.92,37.67,32.236038,633242,633200,0.74,2.0,37.62,"August 27, 20",0.02,GLPI
2020-08-26,36.87,36.97,36.48,36.85,31.534325,754679,754700,-0.02,-0.05424464,36.77,"August 26, 20",-0.0005424464,GLPI
2020-08-25,37.22,37.52,36.49,36.85,31.534325,599879,599900,-0.37,-0.99409,36.75,"August 25, 20",-0.0099409,GLPI
2020-08-24,37.1,37.38,36.48,37.24,31.868073,917813,917800,0.14,0.37736,36.94,"August 24, 20",0.0037736,GLPI
2020-08-21,37.69,37.92,36.44,36.98,31.645571,1125109,1125100,-0.71,-1.88,36.81,"August 21, 20",-0.0188,GLPI
2020-08-20,37.48,38.28,37.06,37.65,32.218925,624536,624500,0.17,0.45358,37.82,"August 20, 20",0.0045358,GLPI
2020-08-19,37.25,37.36,36.82,37.15,31.791054,739174,739200,-0.1,-0.26846,37.14,"August 19, 20",-0.0026846,GLPI
2020-08-18,37.37,37.75,37.17,37.31,31.927973,633089,633100,-0.06,-0.16056,37.4,"August 18, 20",-0.0016056,GLPI
2020-08-17,37.38,37.61,36.89,37.39,31.996433,798915,798800,0.01,0.02675227,37.25,"August 17, 20",0.0002675227,GLPI
2020-08-14,37.52,37.995,37.27,37.44,32.039219,759384,759300,-0.08,-0.21322,37.64,"August 14, 20",-0.0021322,GLPI
2020-08-13,38.82,39.5,38.07,38.2,32.176136,1321817,1321800,-0.62,-1.6,38.45,"August 13, 20",-0.016,GLPI
2020-08-12,39.48,39.8293,38.71,38.86,32.732067,773164,773200,-0.62,-1.57,39.01,"August 12, 20",-0.0157,GLPI
2020-08-11,39.64,40.05,39.04,39.19,33.010025,1307720,1307700,-0.45,-1.14,39.63,"August 11, 20",-0.0114,GLPI
2020-08-10,38.75,39.94,38.6532,39.3,33.10268,1039455,1039500,0.55,1.42,39.37,"August 10, 20",0.0142,GLPI
2020-08-07,37.79,39.0,37.6929,38.88,32.748909,962880,962900,1.09,2.88,38.7,"August 07, 20",0.0288,GLPI
2020-08-06,36.72,38.37,36.57,38.15,32.134029,1026580,1026300,1.43,3.89,37.95,"August 06, 20",0.0389,GLPI
2020-08-05,38.08,38.08,36.53,37.0,31.165375,826898,826900,-1.08,-2.84,37.0,"August 05, 20",-0.0284,GLPI
2020-08-04,36.48,37.12,36.39,37.04,31.19906,1227587,1227600,0.56,1.54,36.93,"August 04, 20",0.0154,GLPI
2020-08-03,36.05,36.5,35.4501,36.24,30.525221,825130,825100,0.19,0.52705,36.16,"August 03, 20",0.0052705,GLPI
2020-07-31,35.87,36.37,34.31,36.21,30.49995,1211325,1211300,0.34,0.94787,35.56,"July 31, 20",0.0094787,GLPI
2020-07-30,35.02,35.54,34.81,35.36,29.783989,761953,762000,0.34,0.97087,35.32,"July 30, 20",0.0097087,GLPI
2020-07-29,35.03,35.89,34.8,35.31,29.741875,1084663,1084700,0.28,0.79931,35.35,"July 29, 20",0.0079931,GLPI
2020-07-28,33.09,34.83,33.09,34.61,29.152252,885596,885600,1.52,4.59,34.32,"July 28, 20",0.0459,GLPI
2020-07-27,33.71,34.38,33.3501,34.36,28.941683,704449,704400,0.65,1.93,34.02,"July 27, 20",0.0193,GLPI
2020-07-24,34.04,34.28,33.52,33.67,28.360489,605304,605300,-0.37,-1.09,33.8,"July 24, 20",-0.0109,GLPI
2020-07-23,34.67,34.97,33.795,34.26,28.857447,706988,706700,-0.41,-1.18,34.39,"July 23, 20",-0.0118,GLPI
2020-07-22,34.13,35.33,33.81,35.21,29.657637,647004,647000,1.08,3.16,35.1,"July 22, 20",0.0316,GLPI
2020-07-21,34.84,34.99,33.5,34.29,28.882721,836671,836600,-0.55,-1.58,34.48,"July 21, 20",-0.0158,GLPI
2020-07-20,34.39,34.9,33.68,34.07,28.697411,536750,536800,-0.32,-0.9305,34.08,"July 20, 20",-0.009305,GLPI
2020-07-17,34.18,34.8,33.75,34.61,29.152252,805818,805800,0.43,1.26,34.49,"July 17, 20",0.0126,GLPI
2020-07-16,34.46,34.52,33.48,34.37,28.950102,1144990,1145000,-0.09,-0.26117,34.17,"July 16, 20",-0.0026117,GLPI
2020-07-15,33.67,34.845,33.63,34.69,29.219639,1262519,1262500,1.02,3.03,34.39,"July 15, 20",0.0303,GLPI
2020-07-14,33.02,33.02,32.2,32.82,27.644529,616213,616200,-0.2,-0.60569,32.65,"July 14, 20",-0.0060569,GLPI
2020-07-13,33.34,33.66,32.19,32.65,27.501337,934227,934200,-0.69,-2.07,32.94,"July 13, 20",-0.0207,GLPI
2020-07-10,33.05,33.46,32.4697,32.97,27.770874,820690,820700,-0.08,-0.24206,32.82,"July 10, 20",-0.0024206,GLPI
2020-07-09,33.7,33.76,31.93,32.79,27.619257,932413,932400,-0.91,-2.7,32.68,"July 09, 20",-0.027,GLPI
2020-07-08,33.51,33.97,33.06,33.32,28.06568,1026872,1026900,-0.19,-0.56699,33.38,"July 08, 20",-0.0056699,GLPI
2020-07-07,34.06,34.26,33.31,33.48,28.200447,900732,900700,-0.58,-1.7,33.66,"July 07, 20",-0.017,GLPI
2020-07-06,35.76,35.76,34.17,34.54,29.093296,890897,890900,-1.22,-3.41,34.56,"July 06, 20",-0.0341,GLPI
2020-07-02,35.68,35.94,34.64,34.79,29.303867,742789,742800,-0.89,-2.49,34.97,"July 02, 20",-0.0249,GLPI
2020-07-01,34.92,35.735,34.7,35.0,29.480757,1388550,1388600,0.08,0.2291,35.15,"July 01, 20",0.002291,GLPI
2020-06-30,34.6,35.16,34.22,34.6,29.143831,1593834,1593800,0.0,0.0,34.62,"June 30, 20",0.0,GLPI
2020-06-29,34.24,34.94,33.47,34.54,29.093296,1618079,1618100,0.3,0.87617,34.36,"June 29, 20",0.0087617,GLPI
2020-06-26,35.33,35.56,33.75,34.1,28.722679,1942201,1942200,-1.23,-3.48,34.3,"June 26, 20",-0.0348,GLPI
2020-06-25,35.5,35.99,34.77,35.52,29.918758,1505254,1505300,0.02,0.05633803,35.18,"June 25, 20",0.0005633803,GLPI
2020-06-24,36.13,36.51,34.11,35.86,30.205145,1265421,1265400,-0.27,-0.7473,35.47,"June 24, 20",-0.007473,GLPI
2020-06-23,36.87,37.43,36.48,36.93,31.106407,1360171,1360200,0.06,0.16273,37.04,"June 23, 20",0.0016273,GLPI
2020-06-22,37.71,37.71,36.15,36.53,30.769487,1528564,1528600,-1.18,-3.13,36.58,"June 22, 20",-0.0313,GLPI
2020-06-19,38.77,38.785,37.46,38.0,32.007679,3578214,3578200,-0.77,-1.99,38.0,"June 19, 20",-0.0199,GLPI
2020-06-18,37.67,38.37,37.27,37.66,31.721296,1045615,1045600,-0.01,-0.02654632,37.81,"June 18, 20",-0.0002654632,GLPI
2020-06-17,38.76,38.76,37.91,38.36,32.310913,2634304,2634300,-0.4,-1.03,38.35,"June 17, 20",-0.0103,GLPI
2020-06-16,40.2,40.25,37.765,38.44,32.378296,2218231,2218200,-1.76,-4.38,38.75,"June 16, 20",-0.0438,GLPI
2020-06-15,36.6535,39.15,36.29,38.53,32.454105,3437570,3437600,1.8765,5.12,38.47,"June 15, 20",0.0512,GLPI
2020-06-12,37.79,38.34,36.7,38.28,32.243523,2720568,2720600,0.49,1.3,37.63,"June 12, 20",0.013,GLPI
2020-06-11,35.02,36.37,34.5,36.03,30.348335,2314815,2314800,1.01,2.88,35.8,"June 11, 20",0.0288,GLPI
2020-06-10,38.36,38.37,35.74,37.245,31.371737,2034743,2034700,-1.115,-2.91,36.9,"June 10, 20",-0.0291,GLPI
2020-06-09,39.1,39.46,38.0,38.44,32.378296,3585903,3585900,-0.66,-1.69,38.55,"June 09, 20",-0.0169,GLPI
2020-06-08,41.01,41.63,40.01,40.41,34.03764,1619217,1619200,-0.6,-1.46,40.6,"June 08, 20",-0.0146,GLPI
2020-06-05,41.52,42.62,39.54,39.88,33.591225,2960943,2960900,-1.64,-3.95,40.8,"June 05, 20",-0.0395,GLPI
2020-06-04,37.32,39.71,37.32,39.695,33.43539,2861694,2861700,2.375,6.36,39.2,"June 04, 20",0.0636,GLPI
2020-06-03,36.45,38.27,35.96,38.24,32.209835,3822427,3822400,1.79,4.91,37.63,"June 03, 20",0.0491,GLPI
2020-06-02,36.4,36.66,35.38,35.75,30.112486,3011542,3011500,-0.65,-1.79,35.72,"June 02, 20",-0.0179,GLPI
2020-06-01,34.55,36.3,34.27,36.21,30.49995,1503513,1503500,1.66,4.8,35.77,"June 01, 20",0.048,GLPI
2020-05-29,33.8,34.94,33.235,34.54,29.093296,2034481,2034500,0.74,2.19,34.34,"May 29, 20",0.0219,GLPI
2020-05-28,36.22,36.26,33.74,34.15,28.764799,2017127,2017100,-2.07,-5.72,34.83,"May 28, 20",-0.0572,GLPI
2020-05-27,36.11,36.5,34.5341,35.89,30.230412,1808721,1808700,-0.22,-0.60925,35.53,"May 27, 20",-0.0060925,GLPI
2020-05-26,35.84,36.33,34.915,35.36,29.783989,3882062,3882100,-0.48,-1.34,35.39,"May 26, 20",-0.0134,GLPI
2020-05-22,33.25,34.17,32.9,34.1,28.722679,3041435,3041400,0.85,2.56,33.88,"May 22, 20",0.0256,GLPI
2020-05-21,32.24,34.025,32.24,33.55,28.259413,2896696,2896300,1.31,4.06,33.51,"May 21, 20",0.0406,GLPI
2020-05-20,31.66,33.56,31.535,32.72,27.560295,4005645,4005600,1.06,3.35,32.73,"May 20, 20",0.0335,GLPI
2020-05-19,29.59,31.44,29.59,31.135,26.225239,3409611,3409600,1.545,5.22,30.91,"May 19, 20",0.0522,GLPI
2020-05-18,28.41,30.07,28.345,29.75,25.058641,3185271,3185300,1.34,4.72,29.62,"May 18, 20",0.0472,GLPI
2020-05-15,26.03,27.44,25.6,26.96,22.708605,2433391,2433300,0.93,3.57,27.02,"May 15, 20",0.0357,GLPI
2020-05-14,25.02,26.96,24.88,26.72,22.506454,3419979,3420000,1.7,6.79,26.52,"May 14, 20",0.0679,GLPI
2020-05-13,26.21,27.08,25.5,25.9,21.815762,3063858,3063900,-0.31,-1.18,26.04,"May 13, 20",-0.0118,GLPI
2020-05-12,28.06,28.45,26.76,26.77,22.548569,4792637,4792600,-1.29,-4.6,27.16,"May 12, 20",-0.046,GLPI
2020-05-11,27.46,29.12,27.34,28.62,24.005758,4628954,4628800,1.16,4.22,28.64,"May 11, 20",0.0422,GLPI
2020-05-08,28.13,28.26,27.23,27.9,23.401836,2651772,2651700,-0.23,-0.81763,27.84,"May 08, 20",-0.0081763,GLPI
2020-05-07,25.85,27.5,25.85,27.42,22.999228,3067359,3067400,1.57,6.07,27.18,"May 07, 20",0.0607,GLPI
2020-05-06,26.22,26.26,25.39,25.56,21.439104,1678593,1678600,-0.66,-2.52,25.69,"May 06, 20",-0.0252,GLPI
2020-05-05,25.98,26.5,25.17,25.7,21.556536,1336557,1336600,-0.28,-1.08,25.63,"May 05, 20",-0.0108,GLPI
2020-05-04,26.03,26.09,24.95,25.605,21.476847,1847046,1847000,-0.425,-1.63,25.46,"May 04, 20",-0.0163,GLPI
2020-05-01,27.21,27.5799,25.56,26.41,22.152065,2558437,2558400,-0.8,-2.94,26.21,"May 01, 20",-0.0294,GLPI
2020-04-30,28.17,28.58,27.46,28.24,23.687023,1969976,1970000,0.07,0.24849,28.1,"April 30, 20",0.0024849,GLPI
2020-04-29,28.21,29.04,28.02,28.83,24.181904,1962483,1962500,0.62,2.2,28.71,"April 29, 20",0.022,GLPI
2020-04-28,27.92,28.19,26.73,27.32,22.915348,1427221,1427100,-0.6,-2.15,27.35,"April 28, 20",-0.0215,GLPI
2020-04-27,25.29,27.08,25.12,26.66,22.361757,1870331,1870300,1.37,5.42,26.62,"April 27, 20",0.0542,GLPI
2020-04-24,25.19,25.31,24.58,25.01,20.977776,1522365,1522400,-0.18,-0.71457,25.0,"April 24, 20",-0.0071457,GLPI
2020-04-23,25.19,25.435,24.39,24.91,20.8939,3675714,3675700,-0.28,-1.11,24.75,"April 23, 20",-0.0111,GLPI
2020-04-22,25.35,25.86,24.52,24.89,20.877125,4127734,4127500,-0.46,-1.81,24.95,"April 22, 20",-0.0181,GLPI
2020-04-21,25.04,26.01,24.65,24.82,20.818411,1782019,1782000,-0.22,-0.87859,25.04,"April 21, 20",-0.0087859,GLPI
2020-04-20,25.66,26.88,25.17,26.33,22.084961,1784105,1784100,0.67,2.61,26.29,"April 20, 20",0.0261,GLPI
2020-04-17,26.59,27.14,26.05,26.42,22.160452,2913619,2913300,-0.17,-0.63934,26.46,"April 17, 20",-0.0063934,GLPI
2020-04-16,26.02,26.85,24.78,25.115,21.065851,2339857,2339900,-0.905,-3.48,25.4,"April 16, 20",-0.0348,GLPI
2020-04-15,27.47,27.76,25.89,26.12,21.908819,1567865,1567900,-1.35,-4.91,26.35,"April 15, 20",-0.0491,GLPI
2020-04-14,28.18,29.23,27.95,28.5,23.905104,1819965,1820000,0.32,1.14,28.45,"April 14, 20",0.0114,GLPI
2020-04-13,28.27,28.45,26.681,27.68,23.217314,1627865,1627800,-0.59,-2.09,27.54,"April 13, 20",-0.0209,GLPI
2020-04-09,27.7,29.88,27.0909,28.44,23.854778,2586368,2586300,0.74,2.67,28.9,"April 09, 20",0.0267,GLPI
2020-04-08,25.7,26.87,24.77,26.43,22.16884,2387189,2387200,0.73,2.84,26.17,"April 08, 20",0.0284,GLPI
2020-04-07,28.2,28.5,24.58,24.72,20.734535,2851986,2852000,-3.48,-12.34,25.67,"April 07, 20",-0.1234,GLPI
2020-04-06,24.61,25.71,23.7501,25.675,21.535566,3018977,3019000,1.065,4.33,24.82,"April 06, 20",0.0433,GLPI
2020-04-03,24.27,24.27,21.94,22.79,19.115698,2250703,2250700,-1.48,-6.1,22.81,"April 03, 20",-0.061,GLPI
2020-04-02,24.76,26.43,23.6701,24.53,20.575171,2328954,2329000,-0.23,-0.92892,24.51,"April 02, 20",-0.0092892,GLPI
2020-04-01,26.13,26.67,24.52,25.1,21.05327,2150880,2150500,-1.03,-3.94,25.18,"April 01, 20",-0.0394,GLPI
2020-03-31,27.4,29.57,26.365,27.71,23.242472,3186542,3186500,0.31,1.13,27.72,"March 31, 20",0.0113,GLPI
2020-03-30,26.76,28.24,22.44,27.7,23.234089,4178258,4178300,0.94,3.51,26.23,"March 30, 20",0.0351,GLPI
2020-03-27,26.2,28.0,24.8,26.76,22.445635,2304979,2304700,0.56,2.14,26.94,"March 27, 20",0.0214,GLPI
2020-03-26,27.62,29.52,26.83,27.58,23.133434,3333912,3333800,-0.04,-0.14482,28.14,"March 26, 20",-0.0014482,GLPI
2020-03-25,23.68,28.64,23.3,26.94,22.596617,5681436,5681100,3.26,13.77,26.85,"March 25, 20",0.1377,GLPI
2020-03-24,21.76,24.54,20.95,22.19,18.612432,3834467,3834500,0.43,1.98,22.29,"March 24, 20",0.0198,GLPI
2020-03-23,18.92,20.6,17.81,19.74,16.557432,3940756,3940800,0.82,4.33,19.76,"March 23, 20",0.0433,GLPI
2020-03-20,19.8,22.14,19.13,19.13,16.045773,3961051,3961100,-0.67,-3.38,20.09,"March 20, 20",-0.0338,GLPI
2020-03-19,15.055,18.06,13.04,17.53,14.703739,5856286,5856300,2.475,16.44,16.63,"March 19, 20",0.1644,GLPI
2020-03-18,18.04,18.22,13.61,15.14,12.699064,6524529,6524500,-2.9,-16.08,15.86,"March 18, 20",-0.1608,GLPI
2020-03-17,20.47,20.93,17.38,19.04,15.97029,8147737,8147700,-1.43,-6.99,19.08,"March 17, 20",-0.0699,GLPI
2020-03-16,28.68,29.07,19.01,19.55,16.398062,6260956,6261000,-9.13,-31.83,21.41,"March 16, 20",-0.3183,GLPI
2020-03-13,35.06,35.94,29.33,33.19,27.838959,4118855,4118700,-1.87,-5.33,31.65,"March 13, 20",-0.0533,GLPI
2020-03-12,36.77,36.77,32.81,33.07,27.738308,2928998,2929000,-3.7,-10.06,34.02,"March 12, 20",-0.1006,GLPI
2020-03-11,41.38,41.81,39.01,39.56,33.181965,2382352,2382400,-1.82,-4.4,39.98,"March 11, 20",-0.044,GLPI
2020-03-10,40.28,43.06,39.27,42.65,35.773785,1652885,1652900,2.37,5.88,41.26,"March 10, 20",0.0588,GLPI
2020-03-09,41.12,41.2,39.16,39.19,32.87162,1901950,1902000,-1.93,-4.69,39.98,"March 09, 20",-0.0469,GLPI
2020-03-06,43.02,43.86,42.02,43.78,36.7216,2502440,2502400,0.76,1.77,43.1,"March 06, 20",0.0177,GLPI
2020-03-05,45.32,45.66,43.86,44.0,36.906128,1868927,1868700,-1.32,-2.91,44.41,"March 05, 20",-0.0291,GLPI
2020-03-04,45.55,46.82,44.92,46.79,38.659168,1790453,1790500,1.24,2.72,46.01,"March 04, 20",0.0272,GLPI
2020-03-03,45.7,46.7125,44.54,44.79,37.00671,2344941,2344900,-0.91,-1.99,45.31,"March 03, 20",-0.0199,GLPI
2020-03-02,45.09,45.79,43.73,45.66,37.725536,2411848,2411800,0.57,1.26,45.11,"March 02, 20",0.0126,GLPI
2020-02-28,43.47,44.67,42.37,44.67,36.907566,1953318,1953300,1.2,2.76,43.96,"February 28, 20",0.0276,GLPI
2020-02-27,45.27,45.9,43.22,44.61,36.857998,2342974,2343000,-0.66,-1.46,44.61,"February 27, 20",-0.0146,GLPI
2020-02-26,47.98,48.5,46.28,46.34,38.287369,1338316,1338300,-1.64,-3.42,46.97,"February 26, 20",-0.0342,GLPI
2020-02-25,49.05,49.37,47.66,47.87,39.551495,1193581,1193600,-1.18,-2.41,48.27,"February 25, 20",-0.0241,GLPI
2020-02-24,49.92,50.45,47.95,48.76,40.286842,1721280,1721300,-1.16,-2.32,48.93,"February 24, 20",-0.0232,GLPI
2020-02-21,50.77,50.99,49.65,50.3,41.559231,1397996,1398000,-0.47,-0.92574,50.22,"February 21, 20",-0.0092574,GLPI
2020-02-20,49.03,49.82,48.93,49.74,41.096542,723217,723200,0.71,1.45,49.56,"February 20, 20",0.0145,GLPI
2020-02-19,49.5,49.58,48.86,48.92,40.419029,964534,964500,-0.58,-1.17,49.11,"February 19, 20",-0.0117,GLPI
2020-02-18,49.53,49.63,49.31,49.54,40.93129,814306,814300,0.01,0.02018978,49.5,"February 18, 20",0.0002018978,GLPI
2020-02-14,49.19,49.64,49.0,49.56,40.947819,654987,655000,0.37,0.75219,49.46,"February 14, 20",0.0075219,GLPI
2020-02-13,48.94,49.1299,48.7845,48.95,40.443817,537746,537700,0.01,0.02043318,48.93,"February 13, 20",0.0002043318,GLPI
2020-02-12,48.63,49.26,48.46,48.96,40.45208,663971,664000,0.33,0.67859,48.96,"February 12, 20",0.0067859,GLPI
2020-02-11,48.7,48.73,48.41,48.62,40.171165,664404,664400,-0.08,-0.16427,48.58,"February 11, 20",-0.0016427,GLPI
2020-02-10,47.68,48.49,47.56,48.49,40.063747,755309,755300,0.81,1.7,48.23,"February 10, 20",0.017,GLPI
2020-02-07,48.06,48.06,47.47,47.61,39.336681,526537,526500,-0.45,-0.93633,47.66,"February 07, 20",-0.0093633,GLPI
2020-02-06,47.66,48.22,47.55,47.94,39.609329,863885,863900,0.28,0.58749,47.98,"February 06, 20",0.0058749,GLPI
2020-02-05,47.62,47.75,47.11,47.52,39.26231,775747,775700,-0.1,-0.21,47.45,"February 05, 20",-0.0021,GLPI
2020-02-04,47.84,48.1,47.39,47.47,39.221004,1122366,1122400,-0.37,-0.77341,47.68,"February 04, 20",-0.0077341,GLPI
2020-02-03,47.37,48.06,47.3,47.67,39.386242,982313,982300,0.3,0.63331,47.72,"February 03, 20",0.0063331,GLPI
2020-01-31,47.56,47.8,47.16,47.255,39.043362,1171726,1171600,-0.305,-0.6413,47.36,"January 31, 20",-0.006413,GLPI
2020-01-30,47.0,47.56,46.79,47.55,39.287106,1241894,1241600,0.55,1.17,47.3,"January 30, 20",0.0117,GLPI
2020-01-29,46.54,46.92,46.25,46.87,38.725269,1172677,1172700,0.33,0.70907,46.65,"January 29, 20",0.0070907,GLPI
2020-01-28,46.07,46.36,45.925,46.305,38.258453,870521,870500,0.235,0.51009,46.16,"January 28, 20",0.0051009,GLPI
2020-01-27,45.91,46.34,45.84,45.97,37.981667,787165,787200,0.06,0.13069,46.12,"January 27, 20",0.0013069,GLPI
2020-01-24,46.54,46.96,46.04,46.19,38.163437,863022,863000,-0.35,-0.75204,46.46,"January 24, 20",-0.0075204,GLPI
2020-01-23,46.03,46.52,45.7,46.35,38.295628,806024,806000,0.32,0.6952,46.31,"January 23, 20",0.006952,GLPI
2020-01-22,46.07,46.27,45.82,45.95,37.965137,775189,775200,-0.12,-0.26047,46.04,"January 22, 20",-0.0026047,GLPI
2020-01-21,45.54,46.09,45.5,45.85,37.882507,632088,632100,0.31,0.68072,45.88,"January 21, 20",0.0068072,GLPI
2020-01-17,45.31,45.89,45.15,45.55,37.634647,1105140,1105100,0.24,0.52968,45.6,"January 17, 20",0.0052968,GLPI
2020-01-16,44.88,45.282,44.78,45.22,37.361988,682234,682200,0.34,0.75758,45.12,"January 16, 20",0.0075758,GLPI
2020-01-15,44.22,45.06,44.19,44.73,36.957134,877454,877500,0.51,1.15,44.79,"January 15, 20",0.0115,GLPI
2020-01-14,44.16,44.34,43.825,44.115,36.449013,658200,658200,-0.045,-0.1019,44.04,"January 14, 20",-0.001019,GLPI
2020-01-13,43.84,44.21,43.58,44.17,36.49445,801048,801000,0.33,0.75274,44.06,"January 13, 20",0.0075274,GLPI
2020-01-10,43.95,44.05,43.64,43.76,36.155704,794714,794700,-0.19,-0.43231,43.83,"January 10, 20",-0.0043231,GLPI
2020-01-09,43.68,44.29,43.49,43.81,36.197014,1185106,1185100,0.13,0.29762,43.94,"January 09, 20",0.0029762,GLPI
2020-01-08,43.27,43.67,43.205,43.5,35.94088,972440,972400,0.23,0.53155,43.46,"January 08, 20",0.0053155,GLPI
2020-01-07,43.25,43.465,42.825,43.39,35.849998,1856119,1856100,0.14,0.3237,43.28,"January 07, 20",0.003237,GLPI
2020-01-06,43.08,43.75,43.0352,43.49,35.932625,1181600,1181600,0.41,0.95172,43.47,"January 06, 20",0.0095172,GLPI
2020-01-03,42.62,43.2858,42.5,43.24,35.726067,837266,837300,0.62,1.45,43.15,"January 03, 20",0.0145,GLPI
2020-01-02,43.16,43.16,42.25,42.73,35.304688,776670,776700,-0.43,-0.99629,42.63,"January 02, 20",-0.0099629,GLPI
2019-12-31,42.79,43.14,42.79,43.05,35.569077,595150,595200,0.26,0.60762,43.03,"December 31, 19",0.0060762,GLPI
2019-12-30,42.66,42.95,42.59,42.87,35.420349,1603938,1603900,0.21,0.49226,42.78,"December 30, 19",0.0049226,GLPI
2019-12-27,42.91,42.95,42.58,42.85,35.403835,481816,481800,-0.06,-0.13983,42.78,"December 27, 19",-0.0013983,GLPI
2019-12-26,42.67,42.83,42.55,42.715,35.292297,378700,378700,0.045,0.10546,42.68,"December 26, 19",0.0010546,GLPI
2019-12-24,42.8,42.85,42.615,42.67,35.255108,221222,221200,-0.13,-0.30374,42.73,"December 24, 19",-0.0030374,GLPI
2019-12-23,43.12,43.165,42.67,42.715,35.292297,680449,680400,-0.405,-0.93924,42.83,"December 23, 19",-0.0093924,GLPI
2019-12-20,43.04,43.08,42.745,43.03,35.552559,1345062,1345100,-0.01,-0.0232342,42.98,"December 20, 19",-0.000232342,GLPI
2019-12-19,42.81,43.22,42.54,42.83,35.38731,1445400,1445400,0.02,0.04671806,42.82,"December 19, 19",0.0004671806,GLPI
2019-12-18,41.67,42.25,41.41,42.1,34.784164,749580,749500,0.43,1.03,41.95,"December 18, 19",0.0103,GLPI
2019-12-17,41.87,42.1,41.59,41.64,34.404099,941308,941300,-0.23,-0.54932,41.79,"December 17, 19",-0.0054932,GLPI
2019-12-16,41.21,41.95,41.07,41.78,34.519768,971506,971500,0.57,1.38,41.64,"December 16, 19",0.0138,GLPI
2019-12-13,41.0,41.22,40.56,41.14,33.990982,1083776,1083800,0.14,0.34146,40.92,"December 13, 19",0.0034146,GLPI
2019-12-12,41.63,42.23,40.6883,41.01,33.883568,1460077,1460100,-0.62,-1.49,41.05,"December 12, 19",-0.0149,GLPI
2019-12-11,43.0,43.12,42.48,42.6,34.618916,1333496,1333500,-0.4,-0.93023,42.73,"December 11, 19",-0.0093023,GLPI
2019-12-10,42.98,43.07,42.6,42.98,34.927727,911177,911200,0.0,0.0,42.93,"December 10, 19",0.0,GLPI
2019-12-09,42.54,42.81,42.43,42.79,34.773319,621153,606000,0.25,0.58768,42.68,"December 09, 19",0.0058768,GLPI
2019-12-06,42.41,42.69,42.13,42.61,34.627045,768641,768600,0.2,0.47159,42.55,"December 06, 19",0.0047159,GLPI
2019-12-05,41.87,42.21,41.72,42.21,34.301983,928855,928900,0.34,0.81204,42.03,"December 05, 19",0.0081204,GLPI
2019-12-04,41.84,42.24,41.695,41.91,34.058186,1257720,1257700,0.07,0.1673,41.95,"December 04, 19",0.001673,GLPI
2019-12-03,41.54,42.0489,41.38,42.01,34.13945,1069320,1069300,0.47,1.13,41.87,"December 03, 19",0.0113,GLPI
2019-12-02,42.29,42.33,41.39,41.45,33.684368,1173007,1173000,-0.84,-1.99,41.69,"December 02, 19",-0.0199,GLPI
2019-11-29,42.28,42.57,42.14,42.2,34.293854,413701,413700,-0.08,-0.18921,42.26,"November 29, 19",-0.0018921,GLPI
2019-11-27,42.31,42.47,42.125,42.43,34.480774,574107,573900,0.12,0.28362,42.36,"November 27, 19",0.0028362,GLPI
2019-11-26,42.12,42.37,42.03,42.27,34.350746,678400,678400,0.15,0.35613,42.26,"November 26, 19",0.0035613,GLPI
2019-11-25,42.18,42.34,41.66,42.0,34.131321,896718,896700,-0.18,-0.42674,41.94,"November 25, 19",-0.0042674,GLPI
2019-11-22,42.27,42.31,41.51,42.11,34.220726,639576,639600,-0.16,-0.37852,41.94,"November 22, 19",-0.0037852,GLPI
2019-11-21,42.4,42.4982,42.14,42.22,34.310116,1080831,1080800,-0.18,-0.42453,42.29,"November 21, 19",-0.0042453,GLPI
2019-11-20,42.9,42.9,42.44,42.55,34.578278,1116802,1116800,-0.35,-0.81585,42.58,"November 20, 19",-0.0081585,GLPI
2019-11-19,42.89,42.92,42.62,42.79,34.773319,1095274,1095300,-0.1,-0.23315,42.78,"November 19, 19",-0.0023315,GLPI
2019-11-18,42.62,43.12,42.62,42.79,34.773319,694674,694700,0.17,0.39887,42.83,"November 18, 19",0.0039887,GLPI
2019-11-15,42.4,42.68,42.25,42.62,34.63517,585329,585300,0.22,0.51887,42.59,"November 15, 19",0.0051887,GLPI
2019-11-14,42.61,42.7151,42.19,42.33,34.399502,870783,870800,-0.28,-0.65712,42.37,"November 14, 19",-0.0065712,GLPI
2019-11-13,42.06,42.81,42.06,42.475,34.517338,958911,958400,0.415,0.98669,42.56,"November 13, 19",0.0098669,GLPI
2019-11-12,42.68,42.85,42.04,42.05,34.171959,905772,905800,-0.63,-1.48,42.35,"November 12, 19",-0.0148,GLPI
2019-11-11,42.21,42.58,41.98,42.53,34.562035,812577,812600,0.32,0.75811,42.42,"November 11, 19",0.0075811,GLPI
2019-11-08,41.47,42.03,41.35,42.02,34.147579,846178,846200,0.55,1.33,41.82,"November 08, 19",0.0133,GLPI
2019-11-07,42.04,42.05,41.27,41.53,33.749386,842479,842500,-0.51,-1.21,41.52,"November 07, 19",-0.0121,GLPI
2019-11-06,41.49,41.92,41.455,41.9,34.050068,650571,650600,0.41,0.98819,41.77,"November 06, 19",0.0098819,GLPI
2019-11-05,42.04,42.17,41.205,41.31,33.570606,1168761,1168800,-0.73,-1.74,41.47,"November 05, 19",-0.0174,GLPI
2019-11-04,41.3,42.27,41.065,42.23,34.318237,1169648,1169600,0.93,2.25,41.93,"November 04, 19",0.0225,GLPI
2019-11-01,39.01,41.2,39.0,41.19,33.47308,1309518,1309500,2.18,5.59,40.61,"November 01, 19",0.0559,GLPI
2019-10-31,40.1,40.37,39.87,40.36,32.79858,554987,555000,0.26,0.64838,40.26,"October 31, 19",0.0064838,GLPI
2019-10-30,39.79,40.13,39.73,40.07,32.562912,754497,754500,0.28,0.70369,39.92,"October 30, 19",0.0070369,GLPI
2019-10-29,39.36,39.75,39.36,39.71,32.270363,575867,575900,0.35,0.88923,39.63,"October 29, 19",0.0088923,GLPI
2019-10-28,39.36,39.63,39.18,39.43,32.042812,850813,850800,0.07,0.17785,39.43,"October 28, 19",0.0017785,GLPI
2019-10-25,39.28,39.415,38.98,39.33,31.961548,460303,460300,0.05,0.12729,39.29,"October 25, 19",0.0012729,GLPI
2019-10-24,39.39,39.39,39.09,39.29,31.929049,745684,745400,-0.1,-0.25387,39.21,"October 24, 19",-0.0025387,GLPI
2019-10-23,39.01,39.16,38.85,39.13,31.799021,513519,513500,0.12,0.30761,39.04,"October 23, 19",0.0030761,GLPI
2019-10-22,39.15,39.166,38.89,38.98,31.677126,444723,444700,-0.17,-0.43423,38.99,"October 22, 19",-0.0043423,GLPI
2019-10-21,38.69,39.05,38.68,39.03,31.717752,313245,312800,0.34,0.87878,38.94,"October 21, 19",0.0087878,GLPI
2019-10-18,38.84,38.87,38.53,38.77,31.506468,654905,654900,-0.07,-0.18023,38.72,"October 18, 19",-0.0018023,GLPI
2019-10-17,38.76,38.85,38.61,38.8,31.530849,546886,543200,0.04,0.1032,38.73,"October 17, 19",0.001032,GLPI
2019-10-16,38.49,38.87,38.41,38.7,31.449574,685352,685400,0.21,0.5456,38.71,"October 16, 19",0.005456,GLPI
2019-10-15,38.34,38.65,38.24,38.47,31.262671,803891,803900,0.13,0.33907,38.48,"October 15, 19",0.0033907,GLPI
2019-10-14,38.46,38.518,38.1,38.34,31.157026,438180,407900,-0.12,-0.31201,38.29,"October 14, 19",-0.0031201,GLPI
2019-10-11,38.79,38.885,38.51,38.58,31.352058,598662,598700,-0.21,-0.54138,38.66,"October 11, 19",-0.0054138,GLPI
2019-10-10,38.55,38.74,38.44,38.62,31.384563,389857,389900,0.07,0.18158,38.62,"October 10, 19",0.0018158,GLPI
2019-10-09,38.72,38.89,38.52,38.57,31.343931,375562,375600,-0.15,-0.3874,38.62,"October 09, 19",-0.003874,GLPI
2019-10-08,38.51,38.78,38.3,38.61,31.376448,477851,477900,0.1,0.25967,38.59,"October 08, 19",0.0025967,GLPI
2019-10-07,38.68,38.925,38.44,38.66,31.417072,519593,519600,-0.02,-0.05170631,38.72,"October 07, 19",-0.0005170631,GLPI
2019-10-04,38.5,38.69,38.3,38.68,31.433331,788888,763800,0.18,0.46753,38.58,"October 04, 19",0.0046753,GLPI
2019-10-03,38.01,38.68,37.83,38.56,31.335814,846404,846400,0.55,1.45,38.42,"October 03, 19",0.0145,GLPI
2019-10-02,37.77,38.02,37.53,37.905,30.80353,569738,569700,0.135,0.35743,37.81,"October 02, 19",0.0035743,GLPI
2019-10-01,38.19,38.435,37.81,37.82,30.734449,563767,563800,-0.37,-0.96884,37.97,"October 01, 19",-0.0096884,GLPI
2019-09-30,38.13,38.36,37.96,38.24,31.075762,885542,885500,0.11,0.28849,38.22,"September 30, 19",0.0028849,GLPI
2019-09-27,38.74,38.74,37.91,38.11,30.970123,891111,891100,-0.63,-1.63,38.13,"September 27, 19",-0.0163,GLPI
2019-09-26,38.52,38.93,38.35,38.66,31.417072,673490,673500,0.14,0.36345,38.69,"September 26, 19",0.0036345,GLPI
2019-09-25,38.52,38.6,38.15,38.35,31.165146,560219,560200,-0.17,-0.44133,38.36,"September 25, 19",-0.0044133,GLPI
2019-09-24,38.84,38.91,38.39,38.52,31.303305,1341838,1341700,-0.32,-0.82389,38.57,"September 24, 19",-0.0082389,GLPI
2019-09-23,38.68,38.99,38.68,38.75,31.490213,568437,568400,0.07,0.18097,38.8,"September 23, 19",0.0018097,GLPI
2019-09-20,38.86,39.0,38.61,38.79,31.522718,1577351,1576200,-0.07,-0.18013,38.81,"September 20, 19",-0.0018013,GLPI
2019-09-19,39.06,39.08,38.75,38.8,31.530849,538504,513600,-0.26,-0.66564,38.86,"September 19, 19",-0.0066564,GLPI
2019-09-18,38.51,38.86,38.41,38.77,31.506468,813025,813000,0.26,0.67515,38.73,"September 18, 19",0.0067515,GLPI
2019-09-17,38.24,38.505,38.11,38.46,31.254547,746123,746100,0.22,0.57531,38.36,"September 17, 19",0.0057531,GLPI
2019-09-16,37.85,38.2,37.61,38.12,30.978241,1032386,1032400,0.27,0.71334,38.03,"September 16, 19",0.0071334,GLPI
2019-09-13,38.55,38.78,37.79,37.85,30.758825,2201963,2202000,-0.7,-1.82,38.18,"September 13, 19",-0.0182,GLPI
2019-09-12,38.99,38.99,38.46,38.48,31.2708,648871,648900,-0.51,-1.31,38.6,"September 12, 19",-0.0131,GLPI
2019-09-11,38.78,38.83,38.4,38.72,31.465839,995366,995400,-0.06,-0.15472,38.64,"September 11, 19",-0.0015472,GLPI
2019-09-10,39.23,39.3,38.4,38.74,31.48209,703472,703500,-0.49,-1.25,38.64,"September 10, 19",-0.0125,GLPI
2019-09-09,38.7,39.32,38.63,39.24,31.888412,1061323,1061300,0.54,1.4,39.16,"September 09, 19",0.014,GLPI
2019-09-06,38.8,39.15,38.6525,39.12,31.790888,636847,636800,0.32,0.82474,38.99,"September 06, 19",0.0082474,GLPI
2019-09-05,38.75,38.92,38.42,38.7,31.449574,1155049,1155000,-0.05,-0.12903,38.67,"September 05, 19",-0.0012903,GLPI
2019-09-04,39.57,39.6625,39.32,39.43,31.490217,860626,860600,-0.14,-0.3538,39.43,"September 04, 19",-0.003538,GLPI
2019-09-03,38.94,39.64,38.71,39.34,31.418333,685542,685500,0.4,1.03,39.33,"September 03, 19",0.0103,GLPI
2019-08-30,39.09,39.25,38.81,39.12,31.242634,889494,889500,0.03,0.07674597,39.09,"August 30, 19",0.0007674597,GLPI
2019-08-29,38.79,39.02,38.58,38.88,31.050962,619741,619700,0.09,0.23202,38.87,"August 29, 19",0.0023202,GLPI
2019-08-28,38.68,38.95,38.44,38.56,30.795406,642728,642700,-0.12,-0.31024,38.57,"August 28, 19",-0.0031024,GLPI
2019-08-27,38.73,38.995,38.62,38.62,30.843315,1239861,1239900,-0.11,-0.28402,38.73,"August 27, 19",-0.0028402,GLPI
2019-08-26,38.28,38.56,38.18,38.54,30.779427,840970,841000,0.26,0.67921,38.37,"August 26, 19",0.0067921,GLPI
2019-08-23,38.27,38.645,37.8,38.1,30.428032,1353281,1353300,-0.17,-0.44421,38.18,"August 23, 19",-0.0044421,GLPI
2019-08-22,37.76,38.47,37.7,38.42,30.683586,1541097,1541100,0.66,1.75,38.06,"August 22, 19",0.0175,GLPI
2019-08-21,37.72,37.855,37.49,37.7,30.108578,1558585,1558600,-0.02,-0.05302227,37.68,"August 21, 19",-0.0005302227,GLPI
2019-08-20,37.7,37.76,37.38,37.49,29.940855,704428,704400,-0.21,-0.55703,37.57,"August 20, 19",-0.0055703,GLPI
2019-08-19,37.75,37.87,37.55,37.74,30.140511,625120,625100,-0.01,-0.02649007,37.76,"August 19, 19",-0.0002649007,GLPI
2019-08-16,37.02,37.5,36.96,37.46,29.916899,935785,935800,0.44,1.19,37.36,"August 16, 19",0.0119,GLPI
2019-08-15,37.49,37.765,36.96,37.06,29.597445,1449631,1449600,-0.43,-1.15,37.23,"August 15, 19",-0.0115,GLPI
2019-08-14,38.09,38.22,37.3,37.39,29.860992,956942,956900,-0.7,-1.84,37.54,"August 14, 19",-0.0184,GLPI
2019-08-13,37.91,38.36,37.76,38.23,30.531845,1039722,1039700,0.32,0.8441,38.21,"August 13, 19",0.008441,GLPI
2019-08-12,37.59,37.99,37.5,37.84,30.220381,788144,788100,0.25,0.66507,37.78,"August 12, 19",0.0066507,GLPI
2019-08-09,37.72,37.9742,37.32,37.73,30.132536,654335,654300,0.01,0.02651113,37.62,"August 09, 19",0.0002651113,GLPI
2019-08-08,37.02,37.89,37.0,37.8,30.188435,1719714,1719300,0.78,2.11,37.61,"August 08, 19",0.0211,GLPI
2019-08-07,37.24,37.93,36.72,37.62,30.04468,1051322,1051300,0.38,1.02,37.6,"August 07, 19",0.0102,GLPI
2019-08-06,36.99,37.52,36.99,37.42,29.884949,834309,834300,0.43,1.16,37.35,"August 06, 19",0.0116,GLPI
2019-08-05,37.54,37.63,36.58,37.03,29.57349,702957,703000,-0.51,-1.36,37.1,"August 05, 19",-0.0136,GLPI
2019-08-02,37.62,37.85,37.11,37.83,30.212402,2597896,2597900,0.21,0.55821,37.49,"August 02, 19",0.0055821,GLPI
2019-08-01,37.8,37.94,37.33,37.44,29.900927,2902809,2902800,-0.36,-0.95238,37.65,"August 01, 19",-0.0095238,GLPI
2019-07-31,37.82,38.17,37.59,37.71,30.116556,2736826,2736800,-0.11,-0.29085,37.86,"July 31, 19",-0.0029085,GLPI
2019-07-30,37.4,38.03,37.4,37.8,30.188435,1326555,1326400,0.4,1.07,37.76,"July 30, 19",0.0107,GLPI
2019-07-29,37.52,37.88,37.47,37.52,29.964821,1014724,1014700,0.0,0.0,37.58,"July 29, 19",0.0,GLPI
2019-07-26,37.24,37.4761,36.95,37.39,29.860992,2812127,2812100,0.15,0.40279,37.19,"July 26, 19",0.0040279,GLPI
2019-07-25,37.29,37.31,36.86,37.08,29.61342,2639005,2639000,-0.21,-0.56315,37.12,"July 25, 19",-0.0056315,GLPI
2019-07-24,37.67,37.8,37.21,37.32,29.805092,1369875,1369900,-0.35,-0.92912,37.42,"July 24, 19",-0.0092912,GLPI
2019-07-23,37.74,37.79,37.47,37.66,30.076622,1612613,1612600,-0.08,-0.21198,37.67,"July 23, 19",-0.0021198,GLPI
2019-07-22,37.59,37.755,37.34,37.65,30.06864,615404,615400,0.06,0.15962,37.65,"July 22, 19",0.0015962,GLPI
2019-07-19,38.51,38.51,37.61,37.66,30.076622,779102,779100,-0.85,-2.21,37.85,"July 19, 19",-0.0221,GLPI
2019-07-18,38.43,38.64,38.21,38.52,30.763458,663678,663700,0.09,0.23419,38.47,"July 18, 19",0.0023419,GLPI
2019-07-17,38.96,39.16,38.375,38.61,30.835331,714141,714100,-0.35,-0.89836,38.64,"July 17, 19",-0.0089836,GLPI
2019-07-16,39.17,39.245,38.81,38.89,31.05895,804361,804400,-0.28,-0.71483,38.99,"July 16, 19",-0.0071483,GLPI
2019-07-15,39.41,39.46,39.1231,39.17,31.282566,914661,914700,-0.24,-0.60898,39.23,"July 15, 19",-0.0060898,GLPI
2019-07-12,39.39,39.5,39.15,39.29,31.378405,1350719,1350700,-0.1,-0.25387,39.37,"July 12, 19",-0.0025387,GLPI
2019-07-11,40.03,40.17,39.24,39.34,31.418333,915316,915300,-0.69,-1.72,39.5,"July 11, 19",-0.0172,GLPI
2019-07-10,40.17,40.26,39.85,39.97,31.921484,1260780,1260800,-0.2,-0.49788,40.03,"July 10, 19",-0.0049788,GLPI
2019-07-09,39.87,40.12,39.58,40.03,31.9694,1106569,1106600,0.16,0.4013,39.98,"July 09, 19",0.004013,GLPI
2019-07-08,39.73,39.87,39.58,39.84,31.817657,530769,530800,0.11,0.27687,39.78,"July 08, 19",0.0027687,GLPI
2019-07-05,39.64,39.92,39.13,39.88,31.8496,651086,651100,0.24,0.60545,39.68,"July 05, 19",0.0060545,GLPI
2019-07-03,39.59,39.91,39.55,39.87,31.84161,664602,664600,0.28,0.70725,39.77,"July 03, 19",0.0070725,GLPI
2019-07-02,39.03,39.47,38.99,39.4,31.466255,1135037,1135000,0.37,0.94799,39.36,"July 02, 19",0.0094799,GLPI
2019-07-01,39.43,39.44,38.665,38.98,31.130831,1325922,1321900,-0.45,-1.14,38.92,"July 01, 19",-0.0114,GLPI
2019-06-28,38.86,39.18,38.7628,38.98,31.130831,2722535,2722500,0.12,0.3088,39.02,"June 28, 19",0.003088,GLPI
2019-06-27,38.49,38.9,38.36,38.7,30.907209,1032209,1032200,0.21,0.5456,38.72,"June 27, 19",0.005456,GLPI
2019-06-26,39.08,39.2153,38.33,38.44,30.699566,1388600,1388600,-0.64,-1.64,38.61,"June 26, 19",-0.0164,GLPI
2019-06-25,39.77,39.78,39.02,39.06,31.194725,913555,913600,-0.71,-1.79,39.33,"June 25, 19",-0.0179,GLPI
2019-06-24,40.45,40.45,39.57,39.76,31.753757,740868,740900,-0.69,-1.71,39.87,"June 24, 19",-0.0171,GLPI
2019-06-21,40.65,40.74,40.23,40.29,32.177044,1483234,1483200,-0.36,-0.88561,40.35,"June 21, 19",-0.0088561,GLPI
2019-06-20,40.57,40.82,40.27,40.73,32.528442,821024,821000,0.16,0.39438,40.67,"June 20, 19",0.0039438,GLPI
2019-06-19,40.15,40.445,39.87,40.28,32.169052,947069,947100,0.13,0.32379,40.2,"June 19, 19",0.0032379,GLPI
2019-06-18,40.26,40.505,39.88,40.17,32.0812,505227,505200,-0.09,-0.22355,40.13,"June 18, 19",-0.0022355,GLPI
2019-06-17,39.83,40.13,39.67,40.1,32.025303,599659,599700,0.27,0.67788,39.99,"June 17, 19",0.0067788,GLPI
2019-06-14,39.7,39.9405,39.5201,39.78,31.769735,609763,609800,0.08,0.20151,39.79,"June 14, 19",0.0020151,GLPI
2019-06-13,39.91,39.9797,39.39,39.66,31.673899,1161135,1161100,-0.25,-0.62641,39.59,"June 13, 19",-0.0062641,GLPI
2019-06-12,40.35,40.55,40.29,40.39,31.713829,671445,671400,0.04,0.09913259,40.4,"June 12, 19",0.0009913259,GLPI
2019-06-11,40.12,40.4,39.8,40.33,31.666721,867538,867500,0.21,0.52343,40.14,"June 11, 19",0.0052343,GLPI
2019-06-10,39.7,39.96,39.28,39.86,31.297678,776333,776300,0.16,0.40302,39.75,"June 10, 19",0.0040302,GLPI
2019-06-07,39.83,40.03,39.63,39.65,31.132797,693669,693700,-0.18,-0.45192,39.77,"June 07, 19",-0.0045192,GLPI
2019-06-06,39.98,40.0,39.47,39.72,31.187752,933995,934000,-0.26,-0.65033,39.69,"June 06, 19",-0.0065033,GLPI
2019-06-05,39.35,39.77,38.99,39.76,31.21916,725802,725800,0.41,1.04,39.48,"June 05, 19",0.0104,GLPI
2019-06-04,39.48,39.54,38.83,39.22,30.795158,1107292,1107300,-0.26,-0.65856,39.17,"June 04, 19",-0.0065856,GLPI
2019-06-03,39.58,39.75,38.92,39.27,30.834415,1197631,1197600,-0.31,-0.78322,39.23,"June 03, 19",-0.0078322,GLPI
2019-05-31,39.48,39.9,39.44,39.49,31.007149,655428,655400,0.01,0.02532928,39.62,"May 31, 19",0.0002532928,GLPI
2019-05-30,39.62,39.89,39.53,39.7,31.17205,910269,910300,0.08,0.20192,39.67,"May 30, 19",0.0020192,GLPI
2019-05-29,39.69,39.77,39.365,39.51,31.022861,733507,733300,-0.18,-0.45351,39.56,"May 29, 19",-0.0045351,GLPI
2019-05-28,40.23,40.29,39.76,39.76,31.21916,1746726,1746700,-0.47,-1.17,39.92,"May 28, 19",-0.0117,GLPI
2019-05-24,39.69,40.07,39.59,40.01,31.415457,614873,614900,0.32,0.80625,39.99,"May 24, 19",0.0080625,GLPI
2019-05-23,39.31,39.6,39.2,39.56,31.062126,581628,581600,0.25,0.63597,39.43,"May 23, 19",0.0063597,GLPI
2019-05-22,39.14,39.57,38.95,39.52,31.030722,444493,444500,0.38,0.97087,39.45,"May 22, 19",0.0097087,GLPI
2019-05-21,38.94,39.47,38.93,39.27,30.834415,889502,889500,0.33,0.84746,39.28,"May 21, 19",0.0084746,GLPI
2019-05-20,39.59,39.59,38.72,38.91,30.551752,1114491,1114500,-0.68,-1.72,39.04,"May 20, 19",-0.0172,GLPI
2019-05-17,39.78,39.92,39.46,39.79,31.242712,1227729,1227700,0.01,0.02513826,39.69,"May 17, 19",0.0002513826,GLPI
2019-05-16,39.55,39.92,39.35,39.86,31.297678,865806,865800,0.31,0.78382,39.77,"May 16, 19",0.0078382,GLPI
2019-05-15,39.5,39.6476,39.3,39.54,31.046419,1195929,1195900,0.04,0.10127,39.53,"May 15, 19",0.0010127,GLPI
2019-05-14,39.78,39.93,39.48,39.53,31.038561,1240561,1240600,-0.25,-0.62846,39.6,"May 14, 19",-0.0062846,GLPI
2019-05-13,39.67,39.835,39.2452,39.72,31.187752,877462,877500,0.05,0.12604,39.69,"May 13, 19",0.0012604,GLPI
2019-05-10,39.5,40.08,39.42,40.0,31.4076,539215,539200,0.5,1.27,39.83,"May 10, 19",0.0127,GLPI
2019-05-09,39.29,39.69,38.92,39.63,31.117083,687430,687400,0.34,0.86536,39.49,"May 09, 19",0.0086536,GLPI
2019-05-08,39.45,39.81,39.32,39.41,30.944342,1013887,1013900,-0.04,-0.10139,39.46,"May 08, 19",-0.0010139,GLPI
2019-05-07,39.54,40.44,39.1,39.33,30.881533,1936644,1936600,-0.21,-0.53111,39.5,"May 07, 19",-0.0053111,GLPI
2019-05-06,40.19,40.65,40.19,40.54,31.831608,829931,829900,0.35,0.87086,40.52,"May 06, 19",0.0087086,GLPI
2019-05-03,40.26,40.5099,40.0,40.48,31.784492,620442,620400,0.22,0.54645,40.35,"May 03, 19",0.0054645,GLPI
2019-05-02,40.3,40.51,39.93,40.17,31.541088,823175,823200,-0.13,-0.32258,40.26,"May 02, 19",-0.0032258,GLPI
2019-05-01,40.35,40.69,40.2,40.22,31.580347,837140,837100,-0.13,-0.32218,40.43,"May 01, 19",-0.0032218,GLPI
2019-04-30,39.85,40.59,39.75,40.38,31.70598,1239178,1239200,0.53,1.33,40.29,"April 30, 19",0.0133,GLPI
2019-04-29,40.0,40.07,39.83,39.92,31.344788,769558,769600,-0.08,-0.2,39.95,"April 29, 19",-0.002,GLPI
2019-04-26,39.93,40.0,39.78,39.96,31.3762,574769,574800,0.03,0.07513148,39.93,"April 26, 19",0.0007513148,GLPI
2019-04-25,39.75,39.975,39.52,39.83,31.27412,715377,715400,0.08,0.20126,39.83,"April 25, 19",0.0020126,GLPI
2019-04-24,39.6,39.95,39.48,39.84,31.281975,1862504,1862500,0.24,0.60606,39.8,"April 24, 19",0.0060606,GLPI
2019-04-23,39.46,39.8,39.28,39.57,31.069975,913403,913400,0.11,0.27876,39.58,"April 23, 19",0.0027876,GLPI
2019-04-22,39.78,39.81,39.07,39.38,30.920786,1232090,1232100,-0.4,-1.01,39.33,"April 22, 19",-0.0101,GLPI
2019-04-18,39.56,39.87,39.56,39.84,31.281975,1673081,1673100,0.28,0.70779,39.73,"April 18, 19",0.0070779,GLPI
2019-04-17,39.7,39.72,39.35,39.48,30.999308,1232700,1232700,-0.22,-0.55416,39.56,"April 17, 19",-0.0055416,GLPI
2019-04-16,39.8,39.96,39.375,39.65,31.132797,2265289,2265300,-0.15,-0.37688,39.6,"April 16, 19",-0.0037688,GLPI
2019-04-15,39.89,39.99,39.45,39.81,31.258417,1670834,1670800,-0.08,-0.20055,39.75,"April 15, 19",-0.0020055,GLPI
2019-04-12,39.29,39.63,39.1162,39.53,31.038561,1558606,1558600,0.24,0.61084,39.39,"April 12, 19",0.0061084,GLPI
2019-04-11,39.27,39.41,39.06,39.26,30.826563,2409555,2409600,-0.01,-0.02546473,39.24,"April 11, 19",-0.0002546473,GLPI
2019-04-10,39.01,39.36,38.99,39.24,30.810865,1869812,1869800,0.23,0.58959,39.18,"April 10, 19",0.0058959,GLPI
2019-04-09,39.03,39.08,38.87,39.0,30.622421,1623571,1623600,-0.03,-0.07686395,38.99,"April 09, 19",-0.0007686395,GLPI
2019-04-08,39.24,39.3,38.985,39.05,30.661676,1081090,1081100,-0.19,-0.4842,39.05,"April 08, 19",-0.004842,GLPI
2019-04-05,38.98,39.28,38.9,39.27,30.834415,1960244,1960200,0.29,0.74397,39.17,"April 05, 19",0.0074397,GLPI
2019-04-04,39.0,39.0,38.76,38.95,30.583153,817435,817400,-0.05,-0.12821,38.88,"April 04, 19",-0.0012821,GLPI
2019-04-03,38.73,38.97,38.63,38.9,30.543901,874200,874200,0.17,0.43894,38.86,"April 03, 19",0.0043894,GLPI
2019-04-02,38.74,38.78,38.26,38.69,30.379005,2062467,2062500,-0.05,-0.12907,38.68,"April 02, 19",-0.0012907,GLPI
2019-04-01,38.61,38.83,38.51,38.75,30.426121,1391175,1391200,0.14,0.3626,38.67,"April 01, 19",0.003626,GLPI
2019-03-29,38.46,38.72,38.38,38.57,30.284775,1545441,1545400,0.11,0.28601,38.57,"March 29, 19",0.0028601,GLPI
2019-03-28,37.8,38.48,37.8,38.47,30.206266,843979,844000,0.67,1.77,38.21,"March 28, 19",0.0177,GLPI
2019-03-27,37.83,37.95,37.57,37.73,29.625223,893642,893600,-0.1,-0.26434,37.74,"March 27, 19",-0.0026434,GLPI
2019-03-26,37.36,37.79,37.36,37.78,29.664488,1389904,1389900,0.42,1.12,37.72,"March 26, 19",0.0112,GLPI
2019-03-25,37.38,37.46,37.08,37.35,29.326845,1167357,1167400,-0.03,-0.08025682,37.33,"March 25, 19",-0.0008025682,GLPI
2019-03-22,37.59,37.69,37.34,37.35,29.326845,1300488,1300500,-0.24,-0.63847,37.47,"March 22, 19",-0.0063847,GLPI
2019-03-21,36.9,37.675,36.51,37.6,29.523148,1098721,1098700,0.7,1.9,37.51,"March 21, 19",0.019,GLPI
2019-03-20,36.93,37.03,36.56,36.87,28.949957,2304087,2304200,-0.06,-0.16247,36.84,"March 20, 19",-0.0016247,GLPI
2019-03-19,36.9,37.01,36.78,36.93,28.997072,1065674,1065700,0.03,0.08130081,36.92,"March 19, 19",0.0008130081,GLPI
2019-03-18,37.08,37.23,36.69,36.87,28.949957,1435832,1435800,-0.21,-0.56634,36.88,"March 18, 19",-0.0056634,GLPI
2019-03-15,37.0,37.23,36.85,37.04,29.083439,1569695,1569700,0.04,0.10811,37.02,"March 15, 19",0.0010811,GLPI
2019-03-14,37.0,37.07,36.89,36.99,29.044182,1167444,1167400,-0.01,-0.02702703,36.97,"March 14, 19",-0.0002702703,GLPI
2019-03-13,36.84,37.05,36.75,36.94,29.004925,1670793,1670800,0.1,0.27144,36.96,"March 13, 19",0.0027144,GLPI
2019-03-12,36.47,36.92,36.39,36.83,28.91855,1829965,1830000,0.36,0.98711,36.77,"March 12, 19",0.0098711,GLPI
2019-03-11,35.96,36.4373,35.96,36.4,28.580923,1170071,1170100,0.44,1.22,36.33,"March 11, 19",0.0122,GLPI
2019-03-08,35.47,35.9,35.39,35.86,28.156925,857480,857500,0.39,1.1,35.76,"March 08, 19",0.011,GLPI
2019-03-07,35.68,35.79,35.4,35.57,27.929216,2647092,2647100,-0.11,-0.3083,35.57,"March 07, 19",-0.003083,GLPI
2019-03-06,36.46,36.6317,36.27,36.31,27.976326,964290,964100,-0.15,-0.41141,36.44,"March 06, 19",-0.0041141,GLPI
2019-03-05,36.31,36.52,36.11,36.4,28.04567,1051497,1051400,0.09,0.24787,36.35,"March 05, 19",0.0024787,GLPI
2019-03-04,36.57,36.65,36.16,36.29,27.960915,1007968,1008000,-0.28,-0.76565,36.3,"March 04, 19",-0.0076565,GLPI
2019-03-01,36.4,36.61,36.11,36.46,28.091892,1237763,1237800,0.06,0.16484,36.35,"March 01, 19",0.0016484,GLPI
2019-02-28,36.67,36.85,36.37,36.38,28.030258,1781965,1782000,-0.29,-0.79084,36.56,"February 28, 19",-0.0079084,GLPI
2019-02-27,36.81,36.81,36.3,36.69,28.26911,959731,959700,-0.12,-0.326,36.63,"February 27, 19",-0.00326,GLPI
2019-02-26,36.97,37.14,36.84,36.89,28.423208,951391,951400,-0.08,-0.21639,36.9,"February 26, 19",-0.0021639,GLPI
2019-02-25,37.22,37.35,36.83,36.95,28.46944,954605,954300,-0.27,-0.72542,36.96,"February 25, 19",-0.0072542,GLPI
2019-02-22,36.87,37.27,36.65,37.14,28.615828,1317021,1317000,0.27,0.7323,37.1,"February 22, 19",0.007323,GLPI
2019-02-21,36.49,36.86,36.21,36.82,28.369274,1375070,1375100,0.33,0.90436,36.59,"February 21, 19",0.0090436,GLPI
2019-02-20,37.08,37.17,36.01,36.48,28.107311,2274602,2274600,-0.6,-1.62,36.44,"February 20, 19",-0.0162,GLPI
2019-02-19,37.14,37.19,36.88,37.01,28.515663,1136043,1136000,-0.13,-0.35003,37.04,"February 19, 19",-0.0035003,GLPI
2019-02-15,37.54,37.61,37.085,37.19,28.654354,1209738,1209700,-0.35,-0.93234,37.19,"February 15, 19",-0.0093234,GLPI
2019-02-14,37.5,37.695,37.17,37.51,28.900906,784738,784700,0.01,0.02666667,37.54,"February 14, 19",0.0002666667,GLPI
2019-02-13,37.95,37.95,36.94,37.6,28.970249,2269454,2269500,-0.35,-0.92227,37.43,"February 13, 19",-0.0092227,GLPI
2019-02-12,38.1,38.1,37.66,37.84,29.155163,1429376,1429400,-0.26,-0.68241,37.84,"February 12, 19",-0.0068241,GLPI
2019-02-11,38.23,38.28,38.01,38.07,29.332382,701683,701700,-0.16,-0.41852,38.1,"February 11, 19",-0.0041852,GLPI
2019-02-08,37.87,38.21,37.815,38.15,29.39402,844602,844600,0.28,0.73937,38.02,"February 08, 19",0.0073937,GLPI
2019-02-07,37.69,38.04,37.52,37.9,29.201395,1451081,1451100,0.21,0.55718,37.92,"February 07, 19",0.0055718,GLPI
2019-02-06,37.79,37.82,37.45,37.76,29.093525,828408,828400,-0.03,-0.07938608,37.68,"February 06, 19",-0.0007938608,GLPI
2019-02-05,37.58,37.83,37.46,37.81,29.132051,960708,960700,0.23,0.61203,37.69,"February 05, 19",0.0061203,GLPI
2019-02-04,37.81,37.81,37.41,37.58,28.954842,1813559,1813400,-0.23,-0.6083,37.59,"February 04, 19",-0.006083,GLPI
2019-02-01,37.69,37.85,37.14,37.77,29.101238,3371856,3371900,0.08,0.21226,37.59,"February 01, 19",0.0021226,GLPI
2019-01-31,36.78,37.52,36.59,37.5,28.893202,2757392,2757400,0.72,1.96,37.3,"January 31, 19",0.0196,GLPI
2019-01-30,36.67,36.89,36.51,36.79,28.346155,1756325,1756300,0.12,0.32724,36.76,"January 30, 19",0.0032724,GLPI
2019-01-29,36.46,36.63,36.06,36.61,28.207474,1733326,1733300,0.15,0.41141,36.43,"January 29, 19",0.0041141,GLPI
2019-01-28,36.36,36.6,36.29,36.5,28.122717,728686,728700,0.14,0.38504,36.45,"January 28, 19",0.0038504,GLPI
2019-01-25,36.08,36.47,36.05,36.46,28.091892,1087528,1087500,0.38,1.05,36.31,"January 25, 19",0.0105,GLPI
2019-01-24,35.8,36.12,35.72,35.9,27.660429,820906,820900,0.1,0.27933,35.97,"January 24, 19",0.0027933,GLPI
2019-01-23,35.54,35.84,35.4601,35.8,27.583384,751127,751100,0.26,0.73157,35.68,"January 23, 19",0.0073157,GLPI
2019-01-22,35.37,35.61,35.24,35.54,27.383047,757130,757100,0.17,0.48063,35.45,"January 22, 19",0.0048063,GLPI
2019-01-18,35.33,35.65,35.11,35.55,27.390755,1619191,1619200,0.22,0.6227,35.45,"January 18, 19",0.006227,GLPI
2019-01-17,34.83,35.26,34.83,35.18,27.10568,738239,738200,0.35,1.0,35.09,"January 17, 19",0.01,GLPI
2019-01-16,34.71,35.06,34.53,34.92,26.905348,929300,929300,0.21,0.60501,34.91,"January 16, 19",0.0060501,GLPI
2019-01-15,34.67,34.86,34.59,34.68,26.720436,1078185,1078200,0.01,0.02884338,34.71,"January 15, 19",0.0002884338,GLPI
2019-01-14,34.4,34.73,34.37,34.53,26.60486,828554,828600,0.13,0.37791,34.54,"January 14, 19",0.0037791,GLPI
2019-01-11,34.24,34.58,34.09,34.55,26.620274,1481237,1481200,0.31,0.90537,34.42,"January 11, 19",0.0090537,GLPI
2019-01-10,33.95,34.46,33.85,34.25,26.389126,838811,838800,0.3,0.88365,34.2,"January 10, 19",0.0088365,GLPI
2019-01-09,33.78,34.13,33.38,34.07,26.250441,952784,952800,0.29,0.8585,33.91,"January 09, 19",0.008585,GLPI
2019-01-08,33.32,33.84,33.18,33.79,26.034704,1418424,1418400,0.47,1.41,33.66,"January 08, 19",0.0141,GLPI
2019-01-07,33.03,33.36,32.99,33.22,25.595531,1308946,1308900,0.19,0.57523,33.25,"January 07, 19",0.0057523,GLPI
2019-01-04,32.5,33.3499,32.5,32.97,25.402906,1274388,1274400,0.47,1.45,32.88,"January 04, 19",0.0145,GLPI
2019-01-03,32.18,32.764,32.18,32.44,24.994549,2047480,2047500,0.26,0.80796,32.49,"January 03, 19",0.0080796,GLPI
2019-01-02,31.95,32.315,31.63,32.18,24.794224,1383838,1383800,0.23,0.71987,32.05,"January 02, 19",0.0071987,GLPI
2018-12-31,32.49,32.5964,31.64,32.31,24.894384,1946321,1946300,-0.18,-0.55402,32.0,"December 31, 18",-0.0055402,GLPI
2018-12-28,32.38,32.53,32.01,32.23,24.832741,1893985,1894500,-0.15,-0.46325,32.22,"December 28, 18",-0.0046325,GLPI
2018-12-27,32.15,32.2,31.27,32.08,24.717175,1079275,1079300,-0.07,-0.21773,31.72,"December 27, 18",-0.0021773,GLPI
2018-12-26,31.72,32.36,31.19,32.34,24.917492,1325617,1325600,0.62,1.95,31.82,"December 26, 18",0.0195,GLPI
2018-12-24,32.72,32.88,31.52,31.52,24.285696,707807,707800,-1.2,-3.67,31.9,"December 24, 18",-0.0367,GLPI
2018-12-21,33.32,33.82,32.69,32.8,25.271921,1770043,1770000,-0.52,-1.56,33.02,"December 21, 18",-0.0156,GLPI
2018-12-20,33.35,33.7,32.77,33.13,25.52618,4084785,4084800,-0.22,-0.65967,33.24,"December 20, 18",-0.0065967,GLPI
2018-12-19,33.85,34.19,33.425,33.44,25.76503,1649468,1649500,-0.41,-1.21,33.75,"December 19, 18",-0.0121,GLPI
2018-12-18,33.68,34.09,33.53,33.85,26.080933,1165449,1165400,0.17,0.50475,33.8,"December 18, 18",0.0050475,GLPI
2018-12-17,34.9,35.05,33.52,33.6,25.888306,1390814,1390800,-1.3,-3.72,34.06,"December 17, 18",-0.0372,GLPI
2018-12-14,34.47,35.15,34.31,34.86,26.859125,2020573,2020600,0.39,1.13,34.85,"December 14, 18",0.0113,GLPI
2018-12-13,34.11,34.575,34.0,34.41,26.5124,1853070,1853100,0.3,0.87951,34.34,"December 13, 18",0.0087951,GLPI
2018-12-12,35.08,35.08,34.55,34.6,26.134863,2746119,2746100,-0.48,-1.37,34.71,"December 12, 18",-0.0137,GLPI
2018-12-11,34.74,34.91,34.455,34.75,26.248169,1714005,1714000,0.01,0.02878526,34.71,"December 11, 18",0.0002878526,GLPI
2018-12-10,34.72,34.72,33.94,34.46,26.029116,1633359,1633400,-0.26,-0.74885,34.29,"December 10, 18",-0.0074885,GLPI
2018-12-07,34.91,35.015,34.53,34.72,26.225508,1486043,1486000,-0.19,-0.54426,34.82,"December 07, 18",-0.0054426,GLPI
2018-12-06,33.9,34.92,33.69,34.88,26.346361,2256707,2256700,0.98,2.89,34.53,"December 06, 18",0.0289,GLPI
2018-12-04,34.73,34.91,34.0,34.05,25.719423,1400268,1400300,-0.68,-1.96,34.3,"December 04, 18",-0.0196,GLPI
2018-12-03,34.66,34.75,34.33,34.73,26.233061,1185683,1185700,0.07,0.20196,34.59,"December 03, 18",0.0020196,GLPI
2018-11-30,34.27,34.55,34.17,34.43,26.006456,1723357,1723400,0.16,0.46688,34.4,"November 30, 18",0.0046688,GLPI
2018-11-29,33.91,34.4,33.61,34.31,25.915817,2119983,2120000,0.4,1.18,34.15,"November 29, 18",0.0118,GLPI
2018-11-28,33.55,34.005,33.51,33.89,25.598572,1277128,1277100,0.34,1.01,33.82,"November 28, 18",0.0101,GLPI
2018-11-27,33.36,33.91,33.32,33.53,25.326649,1253538,1253500,0.17,0.50959,33.59,"November 27, 18",0.0050959,GLPI
2018-11-26,33.35,33.82,33.25,33.4,25.228456,1237276,1237300,0.05,0.14993,33.47,"November 26, 18",0.0014993,GLPI
2018-11-23,33.34,33.455,33.11,33.23,25.100046,274079,274100,-0.11,-0.32993,33.31,"November 23, 18",-0.0032993,GLPI
2018-11-21,33.37,33.51,33.2,33.31,25.160471,1249496,1249500,-0.06,-0.1798,33.3,"November 21, 18",-0.001798,GLPI
2018-11-20,33.2,33.385,33.05,33.16,25.047174,1529348,1529300,-0.04,-0.12048,33.22,"November 20, 18",-0.0012048,GLPI
2018-11-19,33.47,33.8,33.12,33.34,25.18313,953463,953500,-0.13,-0.38841,33.3,"November 19, 18",-0.0038841,GLPI
2018-11-16,33.2,33.46,33.1,33.46,25.273771,1009844,1009800,0.26,0.78313,33.36,"November 16, 18",0.0078313,GLPI
2018-11-15,32.95,33.465,32.88,33.26,25.122707,2491706,2491700,0.31,0.94082,33.26,"November 15, 18",0.0094082,GLPI
2018-11-14,33.04,33.21,32.89,33.15,25.039619,2361536,2361500,0.11,0.33293,33.11,"November 14, 18",0.0033293,GLPI
2018-11-13,32.99,33.38,32.85,32.97,24.903656,1060256,1060300,-0.02,-0.06062443,33.01,"November 13, 18",-0.0006062443,GLPI
2018-11-12,33.44,33.73,32.78,32.82,24.790354,1181998,1182000,-0.62,-1.85,33.01,"November 12, 18",-0.0185,GLPI
2018-11-09,33.97,34.07,33.34,33.49,25.296436,1476597,1476600,-0.48,-1.41,33.55,"November 09, 18",-0.0141,GLPI
2018-11-08,33.8,34.09,33.69,33.98,25.666548,1113277,1113300,0.18,0.53254,33.93,"November 08, 18",0.0053254,GLPI
2018-11-07,33.89,33.93,33.56,33.8,25.530586,930656,930700,-0.09,-0.26557,33.71,"November 07, 18",-0.0026557,GLPI
2018-11-06,33.72,33.91,33.48,33.7,25.455055,711962,712000,-0.02,-0.05931198,33.66,"November 06, 18",-0.0005931198,GLPI
2018-11-05,33.72,34.04,33.51,33.55,25.341759,1006703,1006700,-0.17,-0.50415,33.66,"November 05, 18",-0.0050415,GLPI
2018-11-02,33.15,33.58,32.97,33.57,25.356859,1278269,1278300,0.42,1.27,33.34,"November 02, 18",0.0127,GLPI
2018-11-01,33.48,33.805,32.97,33.1,25.00185,1897211,1897200,-0.38,-1.14,33.16,"November 01, 18",-0.0114,GLPI
2018-10-31,33.72,33.99,33.4,33.69,25.447502,1421979,1422000,-0.03,-0.08896797,33.75,"October 31, 18",-0.0008896797,GLPI
2018-10-30,33.34,34.0,33.1371,33.59,25.371969,1447732,1447700,0.25,0.74985,33.64,"October 30, 18",0.0074985,GLPI
2018-10-29,33.51,34.09,33.21,33.34,25.18313,1547684,1547700,-0.17,-0.50731,33.58,"October 29, 18",-0.0050731,GLPI
2018-10-26,34.1,34.205,33.265,33.43,25.251112,1042076,1042100,-0.67,-1.96,33.49,"October 26, 18",-0.0196,GLPI
2018-10-25,33.89,34.3184,33.61,34.15,25.79496,1387134,1387100,0.26,0.76719,34.07,"October 25, 18",0.0076719,GLPI
2018-10-24,33.64,33.97,33.59,33.73,25.47772,1651789,1651800,0.09,0.26754,33.81,"October 24, 18",0.0026754,GLPI
2018-10-23,33.87,34.06,33.38,33.63,25.402182,2013914,2013900,-0.24,-0.70859,33.66,"October 23, 18",-0.0070859,GLPI
2018-10-22,34.95,34.99,34.04,34.05,25.719423,941156,941200,-0.9,-2.58,34.23,"October 22, 18",-0.0258,GLPI
2018-10-19,34.61,34.86,34.52,34.56,26.104649,1145995,1146000,-0.05,-0.14447,34.7,"October 19, 18",-0.0014447,GLPI
2018-10-18,34.7,34.96,34.62,34.67,26.187737,751310,751300,-0.03,-0.08645533,34.73,"October 18, 18",-0.0008645533,GLPI
2018-10-17,34.65,34.76,34.3,34.69,26.202843,776577,776600,0.04,0.11544,34.64,"October 17, 18",0.0011544,GLPI
2018-10-16,34.09,34.69,33.95,34.61,26.142412,989556,989600,0.52,1.53,34.5,"October 16, 18",0.0153,GLPI
2018-10-15,34.02,34.285,33.97,34.0,25.681656,926761,926800,-0.02,-0.05878895,34.11,"October 15, 18",-0.0005878895,GLPI
2018-10-12,34.28,34.495,33.92,34.1,25.757191,876552,876600,-0.18,-0.52509,34.16,"October 12, 18",-0.0052509,GLPI
2018-10-11,34.6,34.73,33.87,34.06,25.72698,1321849,1321800,-0.54,-1.56,34.21,"October 11, 18",-0.0156,GLPI
2018-10-10,34.78,35.02,34.53,34.53,26.081987,1141209,1141200,-0.25,-0.7188,34.74,"October 10, 18",-0.007188,GLPI
2018-10-09,35.0,35.04,34.68,34.87,26.338806,763259,763300,-0.13,-0.37143,34.89,"October 09, 18",-0.0037143,GLPI
2018-10-08,34.57,34.99,34.53,34.91,26.369019,1172416,1172400,0.34,0.98351,34.83,"October 08, 18",0.0098351,GLPI
2018-10-05,34.98,35.07,34.55,34.61,26.142412,1138498,1138500,-0.37,-1.06,34.77,"October 05, 18",-0.0106,GLPI
2018-10-04,35.18,35.18,34.69,34.94,26.39168,811844,811800,-0.24,-0.68221,34.94,"October 04, 18",-0.0068221,GLPI
2018-10-03,35.41,35.63,34.93,35.23,26.610729,1324286,1324300,-0.18,-0.50833,35.3,"October 03, 18",-0.0050833,GLPI
2018-10-02,35.28,35.45,35.145,35.35,26.701372,1119918,1119900,0.07,0.19841,35.32,"October 02, 18",0.0019841,GLPI
2018-10-01,35.35,35.4,34.99,35.17,26.565405,1001902,1001900,-0.18,-0.50919,35.26,"October 01, 18",-0.0050919,GLPI
2018-09-28,34.64,35.27,34.63,35.25,26.625839,1205237,1205200,0.61,1.76,35.15,"September 28, 18",0.0176,GLPI
2018-09-27,34.84,34.99,34.4,34.61,26.142412,1006213,1006200,-0.23,-0.66016,34.75,"September 27, 18",-0.0066016,GLPI
2018-09-26,34.34,35.18,34.28,34.87,26.338806,2448164,2448200,0.53,1.54,34.96,"September 26, 18",0.0154,GLPI
2018-09-25,34.16,34.53,34.13,34.28,25.893152,1281837,1281800,0.12,0.35129,34.3,"September 25, 18",0.0035129,GLPI
2018-09-24,34.59,34.71,34.04,34.24,25.862938,902347,902300,-0.35,-1.01,34.23,"September 24, 18",-0.0101,GLPI
2018-09-21,34.56,35.08,34.49,34.56,26.104649,1184503,1184500,0.0,0.0,34.58,"September 21, 18",0.0,GLPI
2018-09-20,34.31,34.62,34.22,34.59,26.127308,1039077,1039100,0.28,0.81609,34.49,"September 20, 18",0.0081609,GLPI
2018-09-19,34.86,34.96,34.15,34.3,25.90826,2162709,2162700,-0.56,-1.61,34.38,"September 19, 18",-0.0161,GLPI
2018-09-18,35.01,35.09,34.61,34.79,26.278374,1375251,1375300,-0.22,-0.62839,34.77,"September 18, 18",-0.0062839,GLPI
2018-09-17,34.69,35.07,34.65,35.03,26.459661,1961380,1961400,0.34,0.98011,34.92,"September 17, 18",0.0098011,GLPI
2018-09-14,34.64,34.77,34.39,34.66,26.180189,1411750,1411800,0.02,0.05773672,34.6,"September 14, 18",0.0005773672,GLPI
2018-09-13,34.66,34.88,34.54,34.61,26.142412,1068170,1068200,-0.05,-0.14426,34.71,"September 13, 18",-0.0014426,GLPI
2018-09-12,34.62,34.63,34.4,34.49,26.051781,1424823,1424800,-0.13,-0.37551,34.53,"September 12, 18",-0.0037551,GLPI
2018-09-11,34.66,34.94,34.51,34.56,26.104649,855732,855700,-0.1,-0.28852,34.58,"September 11, 18",-0.0028852,GLPI
2018-09-10,34.41,34.86,34.395,34.75,26.248169,1432411,1432400,0.34,0.98808,34.74,"September 10, 18",0.0098808,GLPI
2018-09-07,34.67,34.88,34.32,34.49,26.051781,1337889,1337900,-0.18,-0.51918,34.44,"September 07, 18",-0.0051918,GLPI
2018-09-06,35.08,35.33,34.76,34.76,26.255718,747465,747500,-0.32,-0.9122,34.91,"September 06, 18",-0.009122,GLPI
2018-09-05,35.52,35.76,35.22,35.62,26.429447,1245106,1245100,0.1,0.28153,35.59,"September 05, 18",0.0028153,GLPI
2018-09-04,35.68,35.98,35.45,35.6,26.414604,895821,895800,-0.08,-0.22422,35.57,"September 04, 18",-0.0022422,GLPI
2018-08-31,35.93,36.085,35.7,35.79,26.555588,677719,677700,-0.14,-0.38965,35.81,"August 31, 18",-0.0038965,GLPI
2018-08-30,36.25,36.25,35.76,35.86,26.607531,620486,620500,-0.39,-1.08,35.89,"August 30, 18",-0.0108,GLPI
2018-08-29,36.09,36.37,36.04,36.18,26.844959,700961,701000,0.09,0.24938,36.24,"August 29, 18",0.0024938,GLPI
2018-08-28,35.68,36.04,35.67,36.04,26.741087,997709,997700,0.36,1.01,35.89,"August 28, 18",0.0101,GLPI
2018-08-27,35.74,35.92,35.58,35.65,26.45171,578043,578000,-0.09,-0.25182,35.68,"August 27, 18",-0.0025182,GLPI
2018-08-24,35.54,35.79,35.41,35.73,26.51107,589241,589200,0.19,0.53461,35.71,"August 24, 18",0.0053461,GLPI
2018-08-23,35.41,35.56,35.2,35.5,26.340414,1180984,1181000,0.09,0.25417,35.42,"August 23, 18",0.0025417,GLPI
2018-08-22,35.46,35.485,35.26,35.47,26.31815,864887,864900,0.01,0.02820079,35.43,"August 22, 18",0.0002820079,GLPI
2018-08-21,35.35,35.5,35.28,35.4,26.26622,720854,720900,0.05,0.14144,35.41,"August 21, 18",0.0014144,GLPI
2018-08-20,35.57,35.675,35.36,35.38,26.251377,595364,595400,-0.19,-0.53416,35.47,"August 20, 18",-0.0053416,GLPI
2018-08-17,35.06,35.55,35.05,35.44,26.295895,931462,931500,0.38,1.08,35.4,"August 17, 18",0.0108,GLPI
2018-08-16,35.03,35.22,34.94,35.05,26.006521,1144898,1144900,0.02,0.05709392,35.06,"August 16, 18",0.0005709392,GLPI
2018-08-15,34.83,35.1,34.69,35.03,25.991678,1206382,1206400,0.2,0.57422,34.98,"August 15, 18",0.0057422,GLPI
2018-08-14,35.03,35.27,34.77,34.84,25.8507,1383841,1383800,-0.19,-0.54239,34.88,"August 14, 18",-0.0054239,GLPI
2018-08-13,34.6,34.85,34.511,34.82,25.835863,690777,690800,0.22,0.63584,34.77,"August 13, 18",0.0063584,GLPI
2018-08-10,34.7,34.935,34.62,34.63,25.694881,674012,674000,-0.07,-0.20173,34.68,"August 10, 18",-0.0020173,GLPI
2018-08-09,34.95,35.07,34.69,34.72,25.761665,1262686,1262700,-0.23,-0.65808,34.77,"August 09, 18",-0.0065808,GLPI
2018-08-08,34.95,35.16,34.68,34.98,25.95458,1846332,1846300,0.03,0.08583691,34.86,"August 08, 18",0.0008583691,GLPI
2018-08-07,35.27,35.39,34.65,34.8,25.821024,3147895,3147900,-0.47,-1.33,34.89,"August 07, 18",-0.0133,GLPI
2018-08-06,35.21,35.36,35.02,35.25,26.154915,1836315,1836300,0.04,0.1136,35.13,"August 06, 18",0.001136,GLPI
2018-08-03,35.33,35.38,35.18,35.2,26.117819,1681784,1681800,-0.13,-0.36796,35.24,"August 03, 18",-0.0036796,GLPI
2018-08-02,35.28,35.7,35.05,35.25,26.154915,1601607,1601600,-0.03,-0.08503401,35.27,"August 02, 18",-0.0008503401,GLPI
2018-08-01,36.0,36.345,35.06,35.43,26.288471,2491134,2491100,-0.57,-1.58,35.37,"August 01, 18",-0.0158,GLPI
2018-07-31,36.2,36.77,36.155,36.32,26.948839,2269927,2269900,0.12,0.33149,36.5,"July 31, 18",0.0033149,GLPI
2018-07-30,36.24,36.39,35.8278,36.23,26.882057,1331515,1331500,-0.01,-0.02759382,36.16,"July 30, 18",-0.0002759382,GLPI
2018-07-27,36.49,36.49,36.03,36.1,26.785599,903691,903700,-0.39,-1.07,36.16,"July 27, 18",-0.0107,GLPI
2018-07-26,36.66,36.97,36.29,36.38,26.993361,1522212,1522200,-0.28,-0.76378,36.47,"July 26, 18",-0.0076378,GLPI
2018-07-25,36.34,36.7,36.32,36.64,27.186272,1095873,1096000,0.3,0.82554,36.61,"July 25, 18",0.0082554,GLPI
2018-07-24,36.75,36.9,36.23,36.35,26.971098,1669802,1669800,-0.4,-1.09,36.42,"July 24, 18",-0.0109,GLPI
2018-07-23,36.43,36.43,35.96,36.08,26.770761,952773,952800,-0.35,-0.96075,36.15,"July 23, 18",-0.0096075,GLPI
2018-07-20,36.57,36.62,36.1432,36.45,27.045296,1073736,1073700,-0.12,-0.32814,36.44,"July 20, 18",-0.0032814,GLPI
2018-07-19,36.06,36.83,36.06,36.58,27.141752,1600616,1600600,0.52,1.44,36.64,"July 19, 18",0.0144,GLPI
2018-07-18,36.1,36.19,35.83,36.14,26.815281,1624176,1624200,0.04,0.1108,36.03,"July 18, 18",0.001108,GLPI
2018-07-17,36.03,36.21,35.72,36.02,26.726244,926272,926300,-0.01,-0.02775465,35.96,"July 17, 18",-0.0002775465,GLPI
2018-07-16,36.15,36.21,35.94,35.96,26.681721,523415,523400,-0.19,-0.52559,36.03,"July 16, 18",-0.0052559,GLPI
2018-07-13,36.06,36.34,36.03,36.16,26.830122,739442,739400,0.1,0.27732,36.19,"July 13, 18",0.0027732,GLPI
2018-07-12,35.88,36.25,35.76,36.06,26.755924,875053,875100,0.18,0.50167,36.09,"July 12, 18",0.0050167,GLPI
2018-07-11,35.9,36.14,35.84,35.94,26.666883,526782,526800,0.04,0.11142,35.98,"July 11, 18",0.0011142,GLPI
2018-07-10,35.88,35.95,35.75,35.91,26.644625,3264687,3264700,0.03,0.08361204,35.9,"July 10, 18",0.0008361204,GLPI
2018-07-09,36.09,36.24,35.83,35.88,26.62236,1093710,1093700,-0.21,-0.58188,35.94,"July 09, 18",-0.0058188,GLPI
2018-07-06,36.05,36.14,35.94,36.04,26.741087,931399,931400,-0.01,-0.02773925,36.03,"July 06, 18",-0.0002773925,GLPI
2018-07-05,35.71,36.01,35.54,35.99,26.703983,602398,602400,0.28,0.78409,35.78,"July 05, 18",0.0078409,GLPI
2018-07-03,35.31,35.8,35.25,35.58,26.399771,791641,791600,0.27,0.76466,35.59,"July 03, 18",0.0076466,GLPI
2018-07-02,35.89,36.41,35.07,35.25,26.154915,1401110,1401100,-0.64,-1.78,35.25,"July 02, 18",-0.0178,GLPI
2018-06-29,35.73,36.09,35.52,35.8,26.563011,1730747,1730700,0.07,0.19591,35.91,"June 29, 18",0.0019591,GLPI
2018-06-28,35.59,35.88,35.43,35.87,26.614946,1219744,1219700,0.28,0.78674,35.7,"June 28, 18",0.0078674,GLPI
2018-06-27,36.24,36.37,35.48,35.48,26.325573,1460083,1460100,-0.76,-2.1,35.77,"June 27, 18",-0.021,GLPI
2018-06-26,35.82,36.24,35.78,36.2,26.859798,2454155,2454200,0.38,1.06,36.09,"June 26, 18",0.0106,GLPI
2018-06-25,35.36,35.795,35.36,35.7,26.488806,1719309,1719300,0.34,0.96154,35.63,"June 25, 18",0.0096154,GLPI
2018-06-22,35.27,35.47,35.13,35.37,26.243952,1978709,1978700,0.1,0.28353,35.32,"June 22, 18",0.0028353,GLPI
2018-06-21,35.27,35.37,35.13,35.19,26.110394,1004467,1004200,-0.08,-0.22682,35.23,"June 21, 18",-0.0022682,GLPI
2018-06-20,35.12,35.39,35.09,35.29,26.184597,1057639,1057600,0.17,0.48405,35.3,"June 20, 18",0.0048405,GLPI
2018-06-19,35.04,35.2,34.95,35.02,25.984259,1448749,1448700,-0.02,-0.05707763,35.05,"June 19, 18",-0.0005707763,GLPI
2018-06-18,35.1,35.17,34.88,35.14,26.073298,1028791,1028800,0.04,0.11396,35.03,"June 18, 18",0.0011396,GLPI
2018-06-15,35.17,35.4,35.05,35.16,26.088135,1459725,1459700,-0.01,-0.02843332,35.18,"June 15, 18",-0.0002843332,GLPI
2018-06-14,34.74,35.27,34.74,35.24,26.147495,1411056,1411100,0.5,1.44,35.09,"June 14, 18",0.0144,GLPI
2018-06-13,35.56,35.63,35.07,35.32,25.739403,2137476,2137500,-0.24,-0.67492,35.3,"June 13, 18",-0.0067492,GLPI
2018-06-12,35.1,35.64,35.09,35.58,25.928888,1417421,1417400,0.48,1.37,35.48,"June 12, 18",0.0137,GLPI
2018-06-11,35.35,35.8,35.04,35.1,25.579084,988397,988400,-0.25,-0.70721,35.17,"June 11, 18",-0.0070721,GLPI
2018-06-08,35.32,36.82,35.11,35.18,25.637381,1223068,1223100,-0.14,-0.39638,35.28,"June 08, 18",-0.0039638,GLPI
2018-06-07,35.42,35.46,35.04,35.28,25.710255,1363201,1363200,-0.14,-0.39526,35.26,"June 07, 18",-0.0039526,GLPI
2018-06-06,35.17,35.385,35.05,35.36,25.768549,815005,815000,0.19,0.54023,35.26,"June 06, 18",0.0054023,GLPI
2018-06-05,35.46,35.49,35.08,35.21,25.659237,1231946,1231900,-0.25,-0.70502,35.2,"June 05, 18",-0.0070502,GLPI
2018-06-04,35.3,35.48,35.06,35.3,25.724831,1445205,1445200,0.0,0.0,35.24,"June 04, 18",0.0,GLPI
2018-06-01,35.03,35.36,34.9,35.2,25.651953,560687,560700,0.17,0.4853,35.2,"June 01, 18",0.004853,GLPI
2018-05-31,35.15,35.41,34.95,35.1,25.579084,1504782,1504800,-0.05,-0.14225,35.15,"May 31, 18",-0.0014225,GLPI
2018-05-30,35.03,35.36,34.93,35.25,25.688389,1050008,1050000,0.22,0.62803,35.21,"May 30, 18",0.0062803,GLPI
2018-05-29,34.88,35.2,34.81,35.02,25.520773,1025520,1025500,0.14,0.40138,35.03,"May 29, 18",0.0040138,GLPI
2018-05-25,35.06,35.17,34.92,34.98,25.491631,564992,564900,-0.08,-0.22818,34.99,"May 25, 18",-0.0022818,GLPI
2018-05-24,34.94,35.17,34.86,34.95,25.469767,751904,751900,0.01,0.02862049,34.97,"May 24, 18",0.0002862049,GLPI
2018-05-23,34.56,34.945,34.55,34.94,25.462479,860361,860400,0.38,1.1,34.82,"May 23, 18",0.011,GLPI
2018-05-22,34.66,34.76,34.51,34.6,25.214701,1225082,1225100,-0.06,-0.17311,34.63,"May 22, 18",-0.0017311,GLPI
2018-05-21,34.76,34.89,34.54,34.61,25.221991,1862313,1862300,-0.15,-0.43153,34.66,"May 21, 18",-0.0043153,GLPI
2018-05-18,34.92,35.0,34.51,34.58,25.200132,1181357,1181400,-0.34,-0.97365,34.62,"May 18, 18",-0.0097365,GLPI
2018-05-17,34.96,35.07,34.78,34.84,25.389603,659330,659300,-0.12,-0.34325,34.89,"May 17, 18",-0.0034325,GLPI
2018-05-16,34.58,34.97,34.5786,34.89,25.426044,875144,875100,0.31,0.89647,34.84,"May 16, 18",0.0089647,GLPI
2018-05-15,34.75,34.85,34.41,34.47,25.11997,962727,962700,-0.28,-0.80576,34.53,"May 15, 18",-0.0080576,GLPI
2018-05-14,34.88,35.23,34.81,34.97,25.484346,795124,795100,0.09,0.25803,35.0,"May 14, 18",0.0025803,GLPI
2018-05-11,35.11,35.14,34.7,34.86,25.404181,931260,931300,-0.25,-0.71205,34.85,"May 11, 18",-0.0071205,GLPI
2018-05-10,34.48,35.175,34.48,35.12,25.593655,980586,980600,0.64,1.86,35.05,"May 10, 18",0.0186,GLPI
2018-05-09,34.26,34.49,34.01,34.33,25.017946,1261851,1261900,0.07,0.20432,34.33,"May 09, 18",0.0020432,GLPI
2018-05-08,34.65,34.75,34.19,34.21,24.930494,2040150,2040200,-0.44,-1.27,34.35,"May 08, 18",-0.0127,GLPI
2018-05-07,34.35,34.66,34.35,34.64,25.243855,1134153,1134200,0.29,0.84425,34.53,"May 07, 18",0.0084425,GLPI
2018-05-04,34.35,34.67,34.2,34.36,25.039803,875200,875200,0.01,0.02911208,34.41,"May 04, 18",0.0002911208,GLPI
2018-05-03,34.51,34.52,34.22,34.36,25.039803,516759,516800,-0.15,-0.43466,34.37,"May 03, 18",-0.0043466,GLPI
2018-05-02,34.2,34.44,34.09,34.41,25.076239,969334,969300,0.21,0.61404,34.33,"May 02, 18",0.0061404,GLPI
2018-05-01,34.28,34.74,34.28,34.36,25.039803,949736,949700,0.08,0.23337,34.42,"May 01, 18",0.0023337,GLPI
2018-04-30,34.42,34.8099,34.16,34.27,24.974215,1112391,1112400,-0.15,-0.43579,34.33,"April 30, 18",-0.0043579,GLPI
2018-04-27,34.15,34.7,34.06,34.33,25.017946,1010971,1011000,0.18,0.52709,34.4,"April 27, 18",0.0052709,GLPI
2018-04-26,34.0,34.38,33.7,34.13,24.87219,1306115,1306100,0.13,0.38235,34.17,"April 26, 18",0.0038235,GLPI
2018-04-25,33.4,34.28,33.39,33.76,24.602552,1353584,1353600,0.36,1.08,33.84,"April 25, 18",0.0108,GLPI
2018-04-24,34.52,34.54,34.195,34.3,24.996082,1102781,1102800,-0.22,-0.63731,34.33,"April 24, 18",-0.0063731,GLPI
2018-04-23,34.43,34.43,34.1,34.33,25.017946,989275,989300,-0.1,-0.29044,34.28,"April 23, 18",-0.0029044,GLPI
2018-04-20,34.62,34.76,34.19,34.25,24.959648,545253,545100,-0.37,-1.07,34.3,"April 20, 18",-0.0107,GLPI
2018-04-19,34.66,34.66,34.23,34.47,25.11997,636821,636800,-0.19,-0.54818,34.43,"April 19, 18",-0.0054818,GLPI
2018-04-18,34.79,34.99,34.375,34.72,25.302156,809982,809800,-0.07,-0.20121,34.81,"April 18, 18",-0.0020121,GLPI
2018-04-17,34.86,34.93,34.57,34.69,25.280285,1205572,1205400,-0.17,-0.48766,34.68,"April 17, 18",-0.0048766,GLPI
2018-04-16,33.7,34.85,33.7,34.64,25.243855,1940775,1940700,0.94,2.79,34.59,"April 16, 18",0.0279,GLPI
2018-04-13,33.38,33.465,33.21,33.29,24.260044,892894,892900,-0.09,-0.26962,33.34,"April 13, 18",-0.0026962,GLPI
2018-04-12,33.85,33.91,33.3,33.36,24.311058,865925,865900,-0.49,-1.45,33.46,"April 12, 18",-0.0145,GLPI
2018-04-11,33.71,33.98,33.71,33.8,24.631706,798304,798300,0.09,0.26698,33.87,"April 11, 18",0.0026698,GLPI
2018-04-10,33.64,33.87,33.595,33.73,24.580692,925534,847700,0.09,0.26754,33.73,"April 10, 18",0.0026754,GLPI
2018-04-09,33.74,33.98,33.54,33.55,24.449516,943038,943000,-0.19,-0.56313,33.73,"April 09, 18",-0.0056313,GLPI
2018-04-06,33.68,33.94,33.58,33.72,24.573404,999587,999500,0.04,0.11876,33.76,"April 06, 18",0.0011876,GLPI
2018-04-05,33.44,33.83,33.33,33.68,24.544256,1346201,1346200,0.24,0.7177,33.61,"April 05, 18",0.007177,GLPI
2018-04-04,33.03,33.41,32.99,33.36,24.311058,1397319,1397200,0.33,0.99909,33.26,"April 04, 18",0.0099909,GLPI
2018-04-03,32.9,33.425,32.84,33.29,24.260044,913432,913400,0.39,1.19,33.22,"April 03, 18",0.0119,GLPI
2018-04-02,33.47,33.52,32.63,32.85,23.939394,1022436,1022200,-0.62,-1.85,32.92,"April 02, 18",-0.0185,GLPI
2018-03-29,33.77,33.83,33.31,33.47,24.391218,1124693,1124600,-0.3,-0.88836,33.54,"March 29, 18",-0.0088836,GLPI
2018-03-28,33.06,33.98,33.06,33.67,24.53697,1675178,1675200,0.61,1.85,33.72,"March 28, 18",0.0185,GLPI
2018-03-27,33.23,33.44,32.76,33.06,24.092436,1392441,1392400,-0.17,-0.51159,33.16,"March 27, 18",-0.0051159,GLPI
2018-03-26,33.12,33.49,33.02,33.22,24.209038,1482227,1482200,0.1,0.30193,33.21,"March 26, 18",0.0030193,GLPI
2018-03-23,33.14,33.46,32.6447,32.76,23.873808,1114911,1114900,-0.38,-1.15,32.98,"March 23, 18",-0.0115,GLPI
2018-03-22,33.29,33.69,33.14,33.14,24.150732,1340455,1340100,-0.15,-0.45059,33.45,"March 22, 18",-0.0045059,GLPI
2018-03-21,33.98,34.0,33.31,33.48,24.398506,1277223,1277100,-0.5,-1.47,33.69,"March 21, 18",-0.0147,GLPI
2018-03-20,33.93,34.13,33.825,33.99,24.770168,1516379,1516200,0.06,0.17683,33.97,"March 20, 18",0.0017683,GLPI
2018-03-19,34.0,34.08,33.77,33.93,24.72644,1017765,1017600,-0.07,-0.20588,33.9,"March 19, 18",-0.0020588,GLPI
2018-03-16,33.92,34.17,33.84,34.06,24.821182,1792890,1792900,0.14,0.41274,34.05,"March 16, 18",0.0041274,GLPI
2018-03-15,33.91,34.01,33.77,33.93,24.72644,1579821,1579800,0.02,0.05897965,33.93,"March 15, 18",0.0005897965,GLPI
2018-03-14,33.78,34.14,33.62,33.85,24.668146,2097122,2097100,0.07,0.20722,33.9,"March 14, 18",0.0020722,GLPI
2018-03-13,33.53,33.69,33.34,33.6,24.485954,1547662,1547500,0.07,0.20877,33.57,"March 13, 18",0.0020877,GLPI
2018-03-12,33.03,33.61,32.95,33.42,24.354778,1235921,1235800,0.39,1.18,33.39,"March 12, 18",0.0118,GLPI
2018-03-09,33.0,33.075,32.66,33.02,24.06328,1077111,1076900,0.02,0.06060606,32.89,"March 09, 18",0.0006060606,GLPI
2018-03-08,32.63,32.95,32.51,32.89,23.968546,2187861,2187900,0.26,0.79681,32.71,"March 08, 18",0.0079681,GLPI
2018-03-07,33.0,33.33,32.93,33.23,23.757208,1473341,1473300,0.23,0.69697,33.22,"March 07, 18",0.0069697,GLPI
2018-03-06,33.43,33.43,33.06,33.18,23.721462,1567036,1566200,-0.25,-0.74783,33.18,"March 06, 18",-0.0074783,GLPI
2018-03-05,32.7,33.395,32.665,33.27,23.785809,1658293,1658200,0.57,1.74,33.12,"March 05, 18",0.0174,GLPI
2018-03-02,32.86,32.96,32.59,32.82,23.46409,1347271,1347300,-0.04,-0.12173,32.82,"March 02, 18",-0.0012173,GLPI
2018-03-01,33.15,33.6,32.78,32.94,23.549877,1513077,1513000,-0.21,-0.63348,33.0,"March 01, 18",-0.0063348,GLPI
2018-02-28,33.24,33.38,33.03,33.26,23.778656,2072701,2072600,0.02,0.06016847,33.21,"February 28, 18",0.0006016847,GLPI
2018-02-27,33.64,33.78,33.0,33.03,23.614223,1356406,1356400,-0.61,-1.81,33.17,"February 27, 18",-0.0181,GLPI
2018-02-26,33.69,33.92,33.415,33.66,24.064631,880098,879800,-0.03,-0.0890472,33.59,"February 26, 18",-0.000890472,GLPI
2018-02-23,33.42,33.7801,33.39,33.67,24.071779,868763,868600,0.25,0.74806,33.64,"February 23, 18",0.0074806,GLPI
2018-02-22,33.48,33.71,33.29,33.39,23.871599,867738,867700,-0.09,-0.26882,33.44,"February 22, 18",-0.0026882,GLPI
2018-02-21,33.6,33.83,33.24,33.4,23.87875,1194520,1194500,-0.2,-0.59524,33.54,"February 21, 18",-0.0059524,GLPI
2018-02-20,33.63,34.08,33.39,33.64,24.050331,1217771,1217800,0.01,0.02973536,33.67,"February 20, 18",0.0002973536,GLPI
2018-02-16,33.76,33.98,33.56,33.77,24.143274,1601293,1599400,0.01,0.02962085,33.81,"February 16, 18",0.0002962085,GLPI
2018-02-15,33.37,33.94,33.13,33.69,24.086082,1286787,1286800,0.32,0.95895,33.65,"February 15, 18",0.0095895,GLPI
2018-02-14,33.21,33.41,32.82,33.33,23.828703,1669732,1669100,0.12,0.36134,33.24,"February 14, 18",0.0036134,GLPI
2018-02-13,33.16,33.75,32.87,33.55,23.985987,1399088,1398800,0.39,1.18,33.36,"February 13, 18",0.0118,GLPI
2018-02-12,33.69,33.699,32.59,33.31,23.814404,2201256,2201200,-0.38,-1.13,33.06,"February 12, 18",-0.0113,GLPI
2018-02-09,33.56,33.82,32.56,33.56,23.993134,2978559,2978600,0.0,0.0,33.16,"February 09, 18",0.0,GLPI
2018-02-08,35.0,35.16,33.17,33.22,23.750057,2966295,2966300,-1.78,-5.09,33.94,"February 08, 18",-0.0509,GLPI
2018-02-07,35.2,35.71,35.025,35.1,25.094135,1353537,1353100,-0.1,-0.28409,35.36,"February 07, 18",-0.0028409,GLPI
2018-02-06,35.26,36.04,34.82,35.21,25.172773,2319230,2319200,-0.05,-0.1418,35.17,"February 06, 18",-0.001418,GLPI
2018-02-05,36.12,36.37,35.67,35.75,25.558834,1943139,1943100,-0.37,-1.02,35.98,"February 05, 18",-0.0102,GLPI
2018-02-02,36.42,36.615,36.22,36.34,25.98065,1050223,1050100,-0.08,-0.21966,36.35,"February 02, 18",-0.0021966,GLPI
2018-02-01,36.27,36.95,36.24,36.5,26.095039,2022285,2022100,0.23,0.63413,36.65,"February 01, 18",0.0063413,GLPI
2018-01-31,36.4,36.64,35.95,36.44,26.052145,1422502,1422500,0.04,0.10989,36.3,"January 31, 18",0.0010989,GLPI
2018-01-30,35.95,36.25,35.82,36.17,25.859108,1535220,1535200,0.22,0.61196,36.06,"January 30, 18",0.0061196,GLPI
2018-01-29,36.41,36.41,36.0,36.06,25.780472,896909,896900,-0.35,-0.96127,36.14,"January 29, 18",-0.0096127,GLPI
2018-01-26,36.54,36.6,36.235,36.43,26.044996,530258,530200,-0.11,-0.30104,36.38,"January 26, 18",-0.0030104,GLPI
2018-01-25,36.27,36.56,36.225,36.53,26.116488,1000872,1000600,0.26,0.71685,36.44,"January 25, 18",0.0071685,GLPI
2018-01-24,36.54,36.55,36.23,36.26,25.923452,842373,842400,-0.28,-0.76628,36.33,"January 24, 18",-0.0076628,GLPI
2018-01-23,36.43,36.62,36.36,36.49,26.087891,1103200,1103200,0.06,0.1647,36.46,"January 23, 18",0.001647,GLPI
2018-01-22,36.56,36.6599,36.29,36.4,26.023544,857592,857400,-0.16,-0.43764,36.42,"January 22, 18",-0.0043764,GLPI
2018-01-19,36.35,36.57,36.32,36.43,26.044996,1121554,1121300,0.08,0.22008,36.44,"January 19, 18",0.0022008,GLPI
2018-01-18,36.71,36.71,36.38,36.42,26.037842,1153192,1153100,-0.29,-0.78998,36.51,"January 18, 18",-0.0078998,GLPI
2018-01-17,36.47,36.88,36.34,36.76,26.280922,882099,882100,0.29,0.79517,36.71,"January 17, 18",0.0079517,GLPI
2018-01-16,36.28,36.74,36.24,36.29,25.944902,1138110,1138100,0.01,0.0275634,36.41,"January 16, 18",0.000275634,GLPI
2018-01-12,36.57,36.57,35.95,36.01,25.744726,911421,911100,-0.56,-1.53,36.13,"January 12, 18",-0.0153,GLPI
2018-01-11,36.7,36.89,36.46,36.58,26.152237,813202,813200,-0.12,-0.32698,36.58,"January 11, 18",-0.0032698,GLPI
2018-01-10,36.29,36.5,36.14,36.27,25.930601,1124937,1124900,-0.02,-0.0551116,36.31,"January 10, 18",-0.000551116,GLPI
2018-01-09,36.51,36.57,36.24,36.36,25.994946,1115008,1115000,-0.15,-0.41085,36.38,"January 09, 18",-0.0041085,GLPI
2018-01-08,36.6,36.73,36.22,36.45,26.05929,788893,788600,-0.15,-0.40984,36.52,"January 08, 18",-0.0040984,GLPI
2018-01-05,36.5,36.705,36.42,36.69,26.230871,602821,602800,0.19,0.52055,36.63,"January 05, 18",0.0052055,GLPI
2018-01-04,36.48,36.75,36.39,36.49,26.087891,1131658,1131700,0.01,0.02741228,36.61,"January 04, 18",0.0002741228,GLPI
2018-01-03,36.63,36.63,36.23,36.44,26.052145,1946821,1946800,-0.19,-0.5187,36.48,"January 03, 18",-0.005187,GLPI
2018-01-02,36.96,37.01,36.47,36.62,26.18083,791200,790400,-0.34,-0.91991,36.65,"January 02, 18",-0.0091991,GLPI
2017-12-29,37.0,37.05,36.77,37.0,26.452509,684720,684700,0.0,0.0,36.96,"December 29, 17",0.0,GLPI
2017-12-28,36.92,37.11,36.82,36.98,26.438202,801024,800200,0.06,0.16251,36.98,"December 28, 17",0.0016251,GLPI
2017-12-27,36.77,36.98,36.66,36.94,26.409605,520922,520900,0.17,0.46233,36.89,"December 27, 17",0.0046233,GLPI
2017-12-26,36.44,36.78,36.35,36.6,26.166527,331963,332000,0.16,0.43908,36.64,"December 26, 17",0.0043908,GLPI
2017-12-22,36.56,36.67,36.39,36.51,26.102188,870281,870000,-0.05,-0.13676,36.52,"December 22, 17",-0.0013676,GLPI
2017-12-21,36.59,36.59,36.36,36.45,26.05929,892025,891600,-0.14,-0.38262,36.48,"December 21, 17",-0.0038262,GLPI
2017-12-20,36.8,37.26,36.46,36.48,26.080736,958948,958900,-0.32,-0.86957,36.66,"December 20, 17",-0.0086957,GLPI
2017-12-19,37.02,37.29,36.83,36.93,26.402456,1804846,1804800,-0.09,-0.24311,37.04,"December 19, 17",-0.0024311,GLPI
2017-12-18,36.3,37.17,36.29,36.76,26.280922,1149283,1149300,0.46,1.27,36.86,"December 18, 17",0.0127,GLPI
2017-12-15,36.24,36.24,35.93,36.01,25.744726,958888,958900,-0.23,-0.63466,36.05,"December 15, 17",-0.0063466,GLPI
2017-12-14,35.93,36.17,35.88,36.03,25.75902,564264,564300,0.1,0.27832,36.05,"December 14, 17",0.0027832,GLPI
2017-12-13,36.09,36.27,35.93,36.0,25.737572,914766,914800,-0.09,-0.24938,36.04,"December 13, 17",-0.0024938,GLPI
2017-12-12,36.38,36.45,35.86,35.92,25.68038,747252,746600,-0.46,-1.26,35.99,"December 12, 17",-0.0126,GLPI
2017-12-11,36.15,36.42,36.14,36.33,25.973499,811330,811200,0.18,0.49793,36.32,"December 11, 17",0.0049793,GLPI
2017-12-08,36.05,36.23,35.89,36.21,25.887707,465330,465300,0.16,0.44383,36.14,"December 08, 17",0.0044383,GLPI
2017-12-07,35.78,36.29,35.71,36.03,25.75902,716770,716800,0.25,0.69871,36.05,"December 07, 17",0.0069871,GLPI
2017-12-06,35.74,35.9,35.32,35.75,25.558834,648987,649000,0.01,0.02797985,35.59,"December 06, 17",0.0002797985,GLPI
2017-12-05,35.75,36.0,35.66,35.72,25.537394,627902,627200,-0.03,-0.08391608,35.78,"December 05, 17",-0.0008391608,GLPI
2017-12-04,36.27,36.46,35.675,35.76,25.565987,871307,871200,-0.51,-1.41,35.96,"December 04, 17",-0.0141,GLPI
2017-12-01,36.34,36.46,35.76,36.14,25.83766,1528622,1527800,-0.2,-0.55036,36.11,"December 01, 17",-0.0055036,GLPI
2017-11-30,34.95,36.36,34.92,36.32,25.966352,2625598,2625600,1.37,3.92,35.96,"November 30, 17",0.0392,GLPI
2017-11-29,36.04,36.22,35.5,35.54,24.9583,2268394,2268400,-0.5,-1.39,35.86,"November 29, 17",-0.0139,GLPI
2017-11-28,35.89,36.11,35.71,36.06,25.323471,1814956,1815000,0.17,0.47367,35.94,"November 28, 17",0.0047367,GLPI
2017-11-27,35.97,36.08,35.56,35.74,25.098753,1021042,1021000,-0.23,-0.63942,35.7,"November 27, 17",-0.0063942,GLPI
2017-11-24,36.02,36.15,35.85,35.97,25.260271,265513,265500,-0.05,-0.13881,36.0,"November 24, 17",-0.0013881,GLPI
2017-11-22,36.1,36.35,35.75,36.03,25.302402,930201,930100,-0.07,-0.19391,36.0,"November 22, 17",-0.0019391,GLPI
2017-11-21,36.06,36.23,35.93,36.04,25.309429,1485417,1484900,-0.02,-0.05546312,36.04,"November 21, 17",-0.0005546312,GLPI
2017-11-20,35.78,36.05,35.78,35.89,25.204082,929549,929500,0.11,0.30743,35.89,"November 20, 17",0.0030743,GLPI
2017-11-17,36.26,36.26,35.65,35.71,25.077681,1302034,1302000,-0.55,-1.52,35.85,"November 17, 17",-0.0152,GLPI
2017-11-16,36.1,36.47,35.98,36.32,25.506058,738123,738100,0.22,0.60942,36.28,"November 16, 17",0.0060942,GLPI
2017-11-15,36.48,36.49,36.09,36.11,25.358593,603030,603000,-0.37,-1.01,36.24,"November 15, 17",-0.0101,GLPI
2017-11-14,36.65,36.875,36.395,36.56,25.674591,848786,848700,-0.09,-0.24557,36.59,"November 14, 17",-0.0024557,GLPI
2017-11-13,36.71,37.08,36.38,36.64,25.73078,1155237,1155200,-0.07,-0.19068,36.67,"November 13, 17",-0.0019068,GLPI
2017-11-10,36.71,37.04,36.68,36.78,25.829096,391651,391100,0.07,0.19068,36.79,"November 10, 17",0.0019068,GLPI
2017-11-09,36.95,37.32,36.77,36.82,25.857183,506122,506100,-0.13,-0.35183,36.96,"November 09, 17",-0.0035183,GLPI
2017-11-08,36.95,37.25,36.95,37.2,26.124046,594496,593900,0.25,0.67659,37.17,"November 08, 17",0.0067659,GLPI
2017-11-07,36.74,37.18,36.71,36.96,25.955507,1044309,1044300,0.22,0.5988,36.98,"November 07, 17",0.005988,GLPI
2017-11-06,36.77,37.0597,36.62,36.69,25.765892,595383,595400,-0.08,-0.21757,36.75,"November 06, 17",-0.0021757,GLPI
2017-11-03,36.29,36.72,36.07,36.72,25.786964,338071,338100,0.43,1.18,36.57,"November 03, 17",0.0118,GLPI
2017-11-02,36.31,36.69,36.31,36.36,25.534145,785567,785100,0.05,0.1377,36.44,"November 02, 17",0.001377,GLPI
2017-11-01,36.61,36.84,36.29,36.32,25.506058,821968,822000,-0.29,-0.79213,36.51,"November 01, 17",-0.0079213,GLPI
2017-10-31,36.25,36.75,36.07,36.54,25.660557,1187334,1187000,0.29,0.8,36.53,"October 31, 17",0.008,GLPI
2017-10-30,36.23,36.27,35.92,36.16,25.393694,1027024,1027000,-0.07,-0.19321,36.07,"October 30, 17",-0.0019321,GLPI
2017-10-27,36.15,36.5,35.92,36.17,25.400717,1035054,1035100,0.02,0.05532503,36.26,"October 27, 17",0.0005532503,GLPI
2017-10-26,37.3,37.3,35.28,36.07,25.330494,1548085,1547700,-1.23,-3.3,35.86,"October 26, 17",-0.033,GLPI
2017-10-25,36.45,36.6,35.44,35.81,25.147902,2040739,2040700,-0.64,-1.76,35.76,"October 25, 17",-0.0176,GLPI
2017-10-24,36.61,36.69,36.4,36.52,25.646507,722137,721300,-0.09,-0.24583,36.54,"October 24, 17",-0.0024583,GLPI
2017-10-23,36.73,36.83,36.46,36.56,25.674591,536808,536300,-0.17,-0.46284,36.59,"October 23, 17",-0.0046284,GLPI
2017-10-20,36.82,36.88,36.43,36.71,25.779942,510027,509800,-0.11,-0.29875,36.65,"October 20, 17",-0.0029875,GLPI
2017-10-19,36.69,36.9599,36.63,36.81,25.850172,580681,580200,0.12,0.32706,36.85,"October 19, 17",0.0032706,GLPI
2017-10-18,36.61,36.85,35.51,36.76,25.815052,1288501,1288500,0.15,0.40972,36.72,"October 18, 17",0.0040972,GLPI
2017-10-17,37.05,37.12,36.64,36.68,25.758871,1839330,1839100,-0.37,-0.99865,36.71,"October 17, 17",-0.0099865,GLPI
2017-10-16,36.79,37.12,36.67,37.04,26.011688,1155791,1155800,0.25,0.67953,36.97,"October 16, 17",0.0067953,GLPI
2017-10-13,36.94,36.94,36.63,36.76,25.815052,470104,470000,-0.18,-0.48728,36.74,"October 13, 17",-0.0048728,GLPI
2017-10-12,36.63,36.92,36.61,36.79,25.836123,913264,913300,0.16,0.4368,36.75,"October 12, 17",0.004368,GLPI
2017-10-11,36.85,37.17,36.62,36.66,25.744827,862516,862500,-0.19,-0.5156,36.82,"October 11, 17",-0.005156,GLPI
2017-10-10,36.82,36.94,36.6566,36.83,25.864214,1203543,1203500,0.01,0.02715915,36.79,"October 10, 17",0.0002715915,GLPI
2017-10-09,36.51,36.76,36.36,36.72,25.786964,800926,800800,0.21,0.57518,36.66,"October 09, 17",0.0057518,GLPI
2017-10-06,36.67,36.74,35.93,36.45,25.597351,1442408,1442400,-0.22,-0.59995,36.43,"October 06, 17",-0.0059995,GLPI
2017-10-05,36.6,36.93,36.5628,36.68,25.758871,2753536,2753400,0.08,0.21858,36.72,"October 05, 17",0.0021858,GLPI
2017-10-04,36.66,36.84,36.535,36.8,25.843143,861198,861200,0.14,0.38189,36.72,"October 04, 17",0.0038189,GLPI
2017-10-03,36.75,36.87,36.58,36.7,25.772919,978431,978400,-0.05,-0.13605,36.71,"October 03, 17",-0.0013605,GLPI
2017-10-02,36.83,37.07,36.63,36.75,25.808031,1901333,1901100,-0.08,-0.21721,36.72,"October 02, 17",-0.0021721,GLPI
2017-09-29,36.36,36.92,36.27,36.89,25.906342,2050236,2050200,0.53,1.46,36.7,"September 29, 17",0.0146,GLPI
2017-09-28,36.35,36.555,36.24,36.46,25.604374,1509405,1509200,0.11,0.30261,36.41,"September 28, 17",0.0030261,GLPI
2017-09-27,36.76,36.8,36.25,36.31,25.499035,1092400,1092300,-0.45,-1.22,36.4,"September 27, 17",-0.0122,GLPI
2017-09-26,36.95,36.96,36.68,36.76,25.815052,796294,796300,-0.19,-0.51421,36.8,"September 26, 17",-0.0051421,GLPI
2017-09-25,37.03,37.21,36.66,36.77,25.822081,1010483,1010400,-0.26,-0.70213,36.83,"September 25, 17",-0.0070213,GLPI
2017-09-22,37.16,37.27,36.87,36.94,25.941452,539577,539400,-0.22,-0.59203,37.02,"September 22, 17",-0.0059203,GLPI
2017-09-21,37.28,37.43,36.94,36.95,25.948486,966508,966500,-0.33,-0.88519,37.07,"September 21, 17",-0.0088519,GLPI
2017-09-20,37.65,37.7381,37.08,37.27,26.173204,658331,658100,-0.38,-1.01,37.4,"September 20, 17",-0.0101,GLPI
2017-09-19,37.58,37.81,37.5,37.55,26.369835,841423,841300,-0.03,-0.0798297,37.59,"September 19, 17",-0.000798297,GLPI
2017-09-18,37.7,37.98,37.58,37.64,26.433037,1132934,1132800,-0.06,-0.15915,37.75,"September 18, 17",-0.0015915,GLPI
2017-09-15,37.61,37.8,37.45,37.62,26.418997,1291756,1291100,0.01,0.02658867,37.63,"September 15, 17",0.0002658867,GLPI
2017-09-14,37.75,37.89,37.55,37.59,26.397923,1125775,1125800,-0.16,-0.42384,37.69,"September 14, 17",-0.0042384,GLPI
2017-09-13,38.15,38.3,37.83,37.83,26.566465,562690,562600,-0.32,-0.83879,37.91,"September 13, 17",-0.0083879,GLPI
2017-09-12,38.43,38.7,38.08,38.13,26.777153,546558,546600,-0.3,-0.78064,38.23,"September 12, 17",-0.0078064,GLPI
2017-09-11,38.48,38.75,38.41,38.52,27.051025,504537,504500,0.04,0.10395,38.58,"September 11, 17",0.0010395,GLPI
2017-09-08,38.01,38.6,38.01,38.42,26.980803,777488,777500,0.41,1.08,38.43,"September 08, 17",0.0108,GLPI
2017-09-07,37.73,38.32,37.56,38.29,26.889511,1117849,1117800,0.56,1.48,38.19,"September 07, 17",0.0148,GLPI
2017-09-06,38.88,39.01,38.13,38.17,26.362816,1774873,1774900,-0.71,-1.83,38.38,"September 06, 17",-0.0183,GLPI
2017-09-05,39.18,39.32,38.84,38.84,26.825562,893830,893800,-0.34,-0.86779,38.98,"September 05, 17",-0.0086779,GLPI
2017-09-01,39.07,39.31,38.84,39.05,26.970596,596330,596200,-0.02,-0.05119017,39.06,"September 01, 17",-0.0005119017,GLPI
2017-08-31,38.81,39.25,38.7886,39.19,27.067295,1111130,1110300,0.38,0.97913,39.1,"August 31, 17",0.0097913,GLPI
2017-08-30,38.16,38.72,38.04,38.69,26.721962,788223,788200,0.53,1.39,38.54,"August 30, 17",0.0139,GLPI
2017-08-29,38.31,38.44,38.09,38.12,26.328274,527929,527900,-0.19,-0.49595,38.22,"August 29, 17",-0.0049595,GLPI
2017-08-28,38.5,38.6,38.2348,38.33,26.473328,419709,419000,-0.17,-0.44156,38.36,"August 28, 17",-0.0044156,GLPI
2017-08-25,38.44,38.67,38.31,38.46,26.563108,387341,387300,0.02,0.05202914,38.51,"August 25, 17",0.0005202914,GLPI
2017-08-24,38.48,38.48,38.16,38.25,26.41807,568643,568600,-0.23,-0.59771,38.32,"August 24, 17",-0.0059771,GLPI
2017-08-23,38.42,38.58,38.31,38.33,26.473328,447840,447800,-0.09,-0.23425,38.42,"August 23, 17",-0.0023425,GLPI
2017-08-22,38.35,38.65,38.24,38.46,26.563108,717653,717700,0.11,0.28683,38.44,"August 22, 17",0.0028683,GLPI
2017-08-21,38.14,38.5,38.065,38.37,26.50095,417416,417400,0.23,0.60304,38.34,"August 21, 17",0.0060304,GLPI
2017-08-18,38.09,38.19,37.85,38.15,26.348999,1165614,1165600,0.06,0.15752,38.09,"August 18, 17",0.0015752,GLPI
2017-08-17,38.26,38.45,38.09,38.12,26.328274,637563,637600,-0.14,-0.36592,38.25,"August 17, 17",-0.0036592,GLPI
2017-08-16,38.19,38.48,38.16,38.24,26.411163,717776,717800,0.05,0.13092,38.29,"August 16, 17",0.0013092,GLPI
2017-08-15,37.9,38.23,37.575,38.12,26.328274,1242189,1242200,0.22,0.58047,37.87,"August 15, 17",0.0058047,GLPI
2017-08-14,37.69,38.14,37.69,37.91,26.183235,787791,787800,0.22,0.58371,37.92,"August 14, 17",0.0058371,GLPI
2017-08-11,37.38,37.62,37.02,37.6,25.96913,563210,563200,0.22,0.58855,37.43,"August 11, 17",0.0058855,GLPI
2017-08-10,37.49,37.56,37.12,37.3,25.76193,1190217,1190200,-0.19,-0.5068,37.29,"August 10, 17",-0.005068,GLPI
2017-08-09,37.86,38.0,37.53,37.56,25.941507,630334,630300,-0.3,-0.79239,37.68,"August 09, 17",-0.0079239,GLPI
2017-08-08,38.32,38.34,37.73,37.79,26.100357,3461864,3461900,-0.53,-1.38,37.98,"August 08, 17",-0.0138,GLPI
2017-08-07,38.22,38.57,38.12,38.43,26.542389,602951,603000,0.21,0.54945,38.42,"August 07, 17",0.0054945,GLPI
2017-08-04,38.13,38.35,38.1,38.22,26.39735,712656,712700,0.09,0.23603,38.2,"August 04, 17",0.0023603,GLPI
2017-08-03,37.86,38.36,37.75,38.26,26.424982,787980,788000,0.4,1.06,38.1,"August 03, 17",0.0106,GLPI
2017-08-02,38.0,38.12,37.61,37.84,26.134893,1501410,1501400,-0.16,-0.42105,37.82,"August 02, 17",-0.0042105,GLPI
2017-08-01,38.01,38.23,37.765,38.12,26.328274,965822,965800,0.11,0.2894,38.13,"August 01, 17",0.002894,GLPI
2017-07-31,37.7,38.06,37.51,37.94,26.203957,986860,986900,0.24,0.6366,37.76,"July 31, 17",0.006366,GLPI
2017-07-28,37.43,37.79,37.25,37.65,26.003662,754247,754200,0.22,0.58776,37.63,"July 28, 17",0.0058776,GLPI
2017-07-27,38.0,38.45,37.24,37.61,25.976038,1166136,1166100,-0.39,-1.03,37.71,"July 27, 17",-0.0103,GLPI
2017-07-26,38.47,38.47,38.13,38.29,26.445696,1121135,1121100,-0.18,-0.4679,38.27,"July 26, 17",-0.004679,GLPI
2017-07-25,38.13,38.44,37.99,38.4,26.521673,1002337,1002300,0.27,0.7081,38.27,"July 25, 17",0.007081,GLPI
2017-07-24,37.65,38.19,37.5001,38.15,26.348999,903328,903300,0.5,1.33,38.01,"July 24, 17",0.0133,GLPI
2017-07-21,37.54,37.72,37.45,37.66,26.010574,788812,788800,0.12,0.31966,37.59,"July 21, 17",0.0031966,GLPI
2017-07-20,37.61,37.75,37.475,37.54,25.927696,706876,706900,-0.07,-0.18612,37.61,"July 20, 17",-0.0018612,GLPI
2017-07-19,37.31,37.73,37.26,37.68,26.024382,845000,845000,0.37,0.99169,37.57,"July 19, 17",0.0099169,GLPI
2017-07-18,37.15,37.47,36.89,37.37,25.810276,2864826,2864800,0.22,0.59219,37.17,"July 18, 17",0.0059219,GLPI
2017-07-17,37.05,37.21,36.86,37.07,25.603081,673565,673600,0.02,0.05398111,37.04,"July 17, 17",0.0005398111,GLPI
2017-07-14,37.2,37.46,37.03,37.07,25.603081,560493,560500,-0.13,-0.34946,37.16,"July 14, 17",-0.0034946,GLPI
2017-07-13,37.39,37.52,37.03,37.12,25.637611,754851,754900,-0.27,-0.72212,37.16,"July 13, 17",-0.0072212,GLPI
2017-07-12,37.32,37.72,37.15,37.34,25.789562,596695,596600,0.02,0.05359057,37.32,"July 12, 17",0.0005359057,GLPI
2017-07-11,37.03,37.17,36.92,37.03,25.575457,621697,621700,0.0,0.0,37.07,"July 11, 17",0.0,GLPI
2017-07-10,37.11,37.42,36.99,37.02,25.568544,927453,927500,-0.09,-0.24252,37.12,"July 10, 17",-0.0024252,GLPI
2017-07-07,36.71,37.14,36.53,37.12,25.637611,1268834,1268800,0.41,1.12,36.94,"July 07, 17",0.0112,GLPI
2017-07-06,36.34,36.85,36.045,36.72,25.361347,1324848,1324800,0.38,1.05,36.68,"July 06, 17",0.0105,GLPI
2017-07-05,37.44,37.44,37.031,37.15,25.658335,888034,888000,-0.29,-0.77457,37.2,"July 05, 17",-0.0077457,GLPI
2017-07-03,37.87,37.87,37.44,37.44,25.858627,510340,510300,-0.43,-1.14,37.55,"July 03, 17",-0.0114,GLPI
2017-06-30,37.72,37.76,37.2382,37.67,26.017475,739434,739400,-0.05,-0.13256,37.63,"June 30, 17",-0.0013256,GLPI
2017-06-29,37.94,38.4,37.25,37.6,25.96913,1699955,1699400,-0.34,-0.89615,37.59,"June 29, 17",-0.0089615,GLPI
2017-06-28,38.34,38.4,37.97,38.03,26.266119,2565579,2565600,-0.31,-0.80856,38.14,"June 28, 17",-0.0080856,GLPI
2017-06-27,38.53,38.89,38.2,38.21,26.390446,1466463,1466400,-0.32,-0.83052,38.47,"June 27, 17",-0.0083052,GLPI
2017-06-26,38.74,38.74,38.41,38.53,26.611462,1232750,1232800,-0.21,-0.54208,38.54,"June 26, 17",-0.0054208,GLPI
2017-06-23,37.68,38.57,37.58,38.47,26.570021,5341747,5341700,0.79,2.1,38.38,"June 23, 17",0.021,GLPI
2017-06-22,37.37,37.7,37.255,37.68,26.024382,574869,574900,0.31,0.82954,37.58,"June 22, 17",0.0082954,GLPI
2017-06-21,37.32,37.49,37.22,37.37,25.810276,985028,985000,0.05,0.13398,37.37,"June 21, 17",0.0013398,GLPI
2017-06-20,37.19,37.37,36.93,37.37,25.810276,1013404,1013400,0.18,0.484,37.16,"June 20, 17",0.00484,GLPI
2017-06-19,36.95,37.115,36.82,37.0,25.554735,903120,903100,0.05,0.13532,36.96,"June 19, 17",0.0013532,GLPI
2017-06-16,36.32,36.87,36.27,36.81,25.423512,1657687,1657700,0.49,1.35,36.73,"June 16, 17",0.0135,GLPI
2017-06-15,36.41,36.78,36.11,36.3,25.071262,891074,891100,-0.11,-0.30211,36.48,"June 15, 17",-0.0030211,GLPI
2017-06-14,35.78,36.57,35.78,36.49,25.202492,1125616,1124900,0.71,1.98,36.35,"June 14, 17",0.0198,GLPI
2017-06-13,36.28,36.4316,36.2,36.36,24.684494,1276146,1276100,0.08,0.22051,36.32,"June 13, 17",0.0022051,GLPI
2017-06-12,36.32,36.5,36.18,36.23,24.596237,1137859,1137900,-0.09,-0.2478,36.31,"June 12, 17",-0.002478,GLPI
2017-06-09,36.61,36.7,36.195,36.28,24.630173,786515,786500,-0.33,-0.90139,36.43,"June 09, 17",-0.0090139,GLPI
2017-06-08,36.59,36.59,36.0,36.58,24.833847,1183210,1183200,-0.01,-0.02732987,36.27,"June 08, 17",-0.0002732987,GLPI
2017-06-07,36.96,37.07,36.62,36.63,24.867794,819385,819400,-0.33,-0.89286,36.77,"June 07, 17",-0.0089286,GLPI
2017-06-06,37.1,37.12,36.87,36.91,25.05788,1148387,1148400,-0.19,-0.51213,36.97,"June 06, 17",-0.0051213,GLPI
2017-06-05,37.02,37.23,36.82,37.09,25.180079,1081109,1081100,0.07,0.18909,37.09,"June 05, 17",0.0018909,GLPI
2017-06-02,37.24,37.25,36.97,37.12,25.200443,1714466,1714300,-0.12,-0.32223,37.09,"June 02, 17",-0.0032223,GLPI
2017-06-01,36.61,37.23,36.61,36.91,25.05788,1756965,1757000,0.3,0.81945,37.03,"June 01, 17",0.0081945,GLPI
2017-05-31,36.82,37.03,36.58,36.71,24.922104,1621013,1621000,-0.11,-0.29875,36.76,"May 31, 17",-0.0029875,GLPI
2017-05-30,36.78,37.01,36.72,36.86,25.023933,1274888,1274900,0.08,0.21751,36.88,"May 30, 17",0.0021751,GLPI
2017-05-26,36.46,36.855,36.35,36.77,24.962837,974048,974000,0.31,0.85025,36.72,"May 26, 17",0.0085025,GLPI
2017-05-25,36.6,36.79,36.31,36.48,24.765959,898347,898300,-0.12,-0.32787,36.48,"May 25, 17",-0.0032787,GLPI
2017-05-24,36.51,36.76,36.44,36.56,24.820271,1080220,1080200,0.05,0.13695,36.58,"May 24, 17",0.0013695,GLPI
2017-05-23,36.53,36.67,36.34,36.43,24.73201,1057140,1056500,-0.1,-0.27375,36.47,"May 23, 17",-0.0027375,GLPI
2017-05-22,36.15,36.51,36.04,36.4,24.711651,1515458,1515500,0.25,0.69156,36.38,"May 22, 17",0.0069156,GLPI
2017-05-19,36.3,36.3,35.88,36.16,24.548712,1279065,1278400,-0.14,-0.38567,36.06,"May 19, 17",-0.0038567,GLPI
2017-05-18,35.48,36.08,35.36,36.03,24.460455,1083544,1083500,0.55,1.55,35.89,"May 18, 17",0.0155,GLPI
2017-05-17,35.6,35.76,35.41,35.59,24.161743,1755615,1755600,-0.01,-0.02808989,35.63,"May 17, 17",-0.0002808989,GLPI
2017-05-16,35.7,35.74,35.34,35.61,24.175318,1170793,1170800,-0.09,-0.2521,35.53,"May 16, 17",-0.002521,GLPI
2017-05-15,35.61,35.78,35.38,35.62,24.182112,1606483,1606500,0.01,0.028082,35.6,"May 15, 17",0.00028082,GLPI
2017-05-12,35.55,35.73,35.5,35.62,24.182112,1088624,1088600,0.07,0.19691,35.62,"May 12, 17",0.0019691,GLPI
2017-05-11,35.53,35.67,35.32,35.57,24.148159,1475209,1475200,0.04,0.11258,35.53,"May 11, 17",0.0011258,GLPI
2017-05-10,35.75,35.75,35.3,35.61,24.175318,1581887,1581900,-0.14,-0.39161,35.55,"May 10, 17",-0.0039161,GLPI
2017-05-09,35.31,35.51,35.2,35.35,23.998802,1185067,1185100,0.04,0.11328,35.34,"May 09, 17",0.0011328,GLPI
2017-05-08,35.42,35.43,34.94,35.28,23.951284,1293410,1293400,-0.14,-0.39526,35.24,"May 08, 17",-0.0039526,GLPI
2017-05-05,35.15,35.36,35.045,35.35,23.998802,1223297,1223300,0.2,0.56899,35.26,"May 05, 17",0.0056899,GLPI
2017-05-04,35.09,35.15,34.78,35.1,23.829088,1163776,1163800,0.01,0.02849815,35.04,"May 04, 17",0.0002849815,GLPI
2017-05-03,35.21,35.21,34.95,35.15,23.863031,939765,939800,-0.06,-0.17041,35.08,"May 03, 17",-0.0017041,GLPI
2017-05-02,34.86,35.23,34.86,35.2,23.896978,1457262,1457300,0.34,0.97533,35.12,"May 02, 17",0.0097533,GLPI
2017-05-01,34.89,35.05,34.6,34.94,23.720469,1433632,1433600,0.05,0.14331,34.92,"May 01, 17",0.0014331,GLPI
2017-04-28,34.83,34.89,34.3,34.8,23.625422,1662243,1662200,-0.03,-0.08613264,34.67,"April 28, 17",-0.0008613264,GLPI
2017-04-27,34.39,35.13,34.2975,34.71,23.56432,1323288,1323300,0.32,0.9305,34.76,"April 27, 17",0.009305,GLPI
2017-04-26,34.5,34.68,34.29,34.68,23.543955,837068,837100,0.18,0.52174,34.54,"April 26, 17",0.0052174,GLPI
2017-04-25,34.31,34.63,34.18,34.56,23.46249,1800100,1800100,0.25,0.72865,34.39,"April 25, 17",0.0072865,GLPI
2017-04-24,34.75,34.88,34.23,34.29,23.279188,791903,791900,-0.46,-1.32,34.38,"April 24, 17",-0.0132,GLPI
2017-04-21,34.39,34.62,34.37,34.59,23.482851,665319,665300,0.2,0.58156,34.55,"April 21, 17",0.0058156,GLPI
2017-04-20,34.48,34.52,34.27,34.47,23.401386,617657,617700,-0.01,-0.02900232,34.4,"April 20, 17",-0.0002900232,GLPI
2017-04-19,34.46,34.58,34.28,34.45,23.38781,618964,619000,-0.01,-0.02901915,34.44,"April 19, 17",-0.0002901915,GLPI
2017-04-18,34.34,34.4866,34.26,34.45,23.38781,1178121,1178100,0.11,0.32033,34.37,"April 18, 17",0.0032033,GLPI
2017-04-17,34.21,34.35,34.07,34.34,23.313133,685277,685300,0.13,0.38001,34.25,"April 17, 17",0.0038001,GLPI
2017-04-13,34.27,34.49,34.05,34.15,23.184139,864981,865000,-0.12,-0.35016,34.17,"April 13, 17",-0.0035016,GLPI
2017-04-12,34.53,34.62,34.21,34.3,23.285973,875062,875100,-0.23,-0.66609,34.33,"April 12, 17",-0.0066609,GLPI
2017-04-11,34.32,34.78,34.28,34.45,23.38781,953049,953000,0.13,0.37879,34.54,"April 11, 17",0.0037879,GLPI
2017-04-10,34.26,34.41,34.11,34.32,23.299555,610209,610200,0.06,0.17513,34.28,"April 10, 17",0.0017513,GLPI
2017-04-07,33.92,34.24,33.835,34.2,23.218086,970085,970100,0.28,0.82547,34.17,"April 07, 17",0.0082547,GLPI
2017-04-06,33.64,33.895,33.34,33.87,22.994049,750577,750600,0.23,0.68371,33.71,"April 06, 17",0.0068371,GLPI
2017-04-05,33.64,33.85,33.355,33.63,22.831118,1247758,1247000,-0.01,-0.02972652,33.71,"April 05, 17",-0.0002972652,GLPI
2017-04-04,33.36,33.71,33.12,33.65,22.844694,880220,880200,0.29,0.8693,33.53,"April 04, 17",0.008693,GLPI
2017-04-03,33.31,33.49,33.2,33.33,22.627453,776454,776500,0.02,0.06004203,33.33,"April 03, 17",0.0006004203,GLPI
2017-03-31,33.15,33.44,33.07,33.42,22.688551,1002043,1002000,0.27,0.81448,33.3,"March 31, 17",0.0081448,GLPI
2017-03-30,32.9,33.285,32.73,33.2,22.539196,1497064,1496300,0.3,0.91185,33.1,"March 30, 17",0.0091185,GLPI
2017-03-29,32.46,32.88,32.38,32.88,22.321949,863560,862900,0.42,1.29,32.7,"March 29, 17",0.0129,GLPI
2017-03-28,32.25,32.46,32.0475,32.41,22.002867,535879,535900,0.16,0.49612,32.33,"March 28, 17",0.0049612,GLPI
2017-03-27,32.31,32.48,32.055,32.19,21.853508,598533,598500,-0.12,-0.3714,32.2,"March 27, 17",-0.003714,GLPI
2017-03-24,32.18,32.42,32.05,32.32,21.941772,1099069,1099100,0.14,0.43505,32.29,"March 24, 17",0.0043505,GLPI
2017-03-23,31.88,32.31,31.86,31.99,21.717735,890782,890800,0.11,0.34504,32.09,"March 23, 17",0.0034504,GLPI
2017-03-22,31.64,32.09,31.39,31.91,21.663425,981750,981800,0.27,0.85335,31.83,"March 22, 17",0.0085335,GLPI
2017-03-21,31.89,31.94,31.51,31.64,21.480124,740765,740000,-0.25,-0.78394,31.65,"March 21, 17",-0.0078394,GLPI
2017-03-20,31.9,31.96,31.65,31.79,21.581957,575915,575900,-0.11,-0.34483,31.81,"March 20, 17",-0.0034483,GLPI
2017-03-17,31.3,32.0,31.12,31.97,21.704163,2507974,2507800,0.67,2.14,31.79,"March 17, 17",0.0214,GLPI
2017-03-16,31.02,31.28,30.76,31.07,21.093153,680908,680900,0.05,0.16119,31.04,"March 16, 17",0.0016119,GLPI
2017-03-15,30.39,31.18,30.39,30.99,21.038841,715188,715200,0.6,1.97,30.87,"March 15, 17",0.0197,GLPI
2017-03-14,30.41,30.48,30.25,30.32,20.583986,468746,468700,-0.09,-0.29596,30.31,"March 14, 17",-0.0029596,GLPI
2017-03-13,30.31,30.63,30.31,30.48,20.692606,732759,732800,0.17,0.56087,30.46,"March 13, 17",0.0056087,GLPI
2017-03-10,30.55,30.7399,30.22,30.27,20.550041,651151,651200,-0.28,-0.91653,30.33,"March 10, 17",-0.0091653,GLPI
2017-03-09,31.22,31.3,30.2401,30.4,20.638296,958110,958100,-0.82,-2.63,30.58,"March 09, 17",-0.0263,GLPI
2017-03-08,32.35,32.42,31.755,31.82,21.18141,1268594,1268600,-0.53,-1.64,32.03,"March 08, 17",-0.0164,GLPI
2017-03-07,32.41,32.49,32.335,32.48,21.620752,757187,757200,0.07,0.21598,32.42,"March 07, 17",0.0021598,GLPI
2017-03-06,32.2,32.48,32.04,32.4,21.567495,757687,757700,0.2,0.62112,32.33,"March 06, 17",0.0062112,GLPI
2017-03-03,32.03,32.36,31.89,32.35,21.53421,854416,854400,0.32,0.99906,32.13,"March 03, 17",0.0099906,GLPI
2017-03-02,31.78,32.019,31.73,32.0,21.301229,595340,594500,0.22,0.69226,31.92,"March 02, 17",0.0069226,GLPI
2017-03-01,31.9,32.27,31.84,31.9,21.234669,677401,677400,0.0,0.0,32.0,"March 01, 17",0.0,GLPI
2017-02-28,32.16,32.28,31.975,32.0,21.301229,941050,941100,-0.16,-0.49751,32.05,"February 28, 17",-0.0049751,GLPI
2017-02-27,32.07,32.37,32.03,32.27,21.480957,520396,520400,0.2,0.62364,32.24,"February 27, 17",0.0062364,GLPI
2017-02-24,32.1,32.19,31.95,32.07,21.347828,424668,424700,-0.03,-0.09345794,32.1,"February 24, 17",-0.0009345794,GLPI
2017-02-23,31.99,32.13,31.63,32.07,21.347828,577356,577400,0.08,0.25008,31.93,"February 23, 17",0.0025008,GLPI
2017-02-22,32.15,32.18,31.71,31.81,21.174753,558720,558700,-0.34,-1.06,31.83,"February 22, 17",-0.0106,GLPI
2017-02-21,31.85,32.21,31.66,32.18,21.421051,546951,547000,0.33,1.04,32.01,"February 21, 17",0.0104,GLPI
2017-02-17,31.79,31.89,31.58,31.88,21.221352,445533,445500,0.09,0.28311,31.77,"February 17, 17",0.0028311,GLPI
2017-02-16,31.57,31.86,31.57,31.77,21.14813,426197,426200,0.2,0.63351,31.74,"February 16, 17",0.0063351,GLPI
2017-02-15,31.27,31.57,31.12,31.54,20.995022,451862,451900,0.27,0.86345,31.4,"February 15, 17",0.0086345,GLPI
2017-02-14,31.52,31.54,31.129,31.51,20.975058,399304,399300,-0.01,-0.03172589,31.35,"February 14, 17",-0.0003172589,GLPI
2017-02-13,31.59,31.75,31.46,31.54,20.995022,571964,572000,-0.05,-0.15828,31.57,"February 13, 17",-0.0015828,GLPI
2017-02-10,31.43,31.64,31.36,31.59,21.028309,287878,287900,0.16,0.50907,31.56,"February 10, 17",0.0050907,GLPI
2017-02-09,31.66,31.68,31.36,31.46,20.941771,455200,455200,-0.2,-0.63171,31.45,"February 09, 17",-0.0063171,GLPI
2017-02-08,31.77,31.8,31.57,31.64,21.061594,358217,358200,-0.13,-0.40919,31.64,"February 08, 17",-0.0040919,GLPI
2017-02-07,31.68,31.93,31.54,31.72,21.114843,1000385,1000400,0.04,0.12626,31.74,"February 07, 17",0.0012626,GLPI
2017-02-06,31.81,31.81,31.34,31.73,21.121502,687007,687000,-0.08,-0.25149,31.6,"February 06, 17",-0.0025149,GLPI
2017-02-03,31.57,31.87,31.4852,31.82,21.18141,731815,731800,0.25,0.79189,31.77,"February 03, 17",0.0079189,GLPI
2017-02-02,31.31,31.855,31.31,31.59,21.028309,1094197,1094200,0.28,0.89428,31.53,"February 02, 17",0.0089428,GLPI
2017-02-01,31.62,31.83,31.14,31.31,20.841923,1136083,1136100,-0.31,-0.98039,31.37,"February 01, 17",-0.0098039,GLPI
2017-01-31,31.05,31.83,30.52,31.63,21.054937,695085,695100,0.58,1.87,31.61,"January 31, 17",0.0187,GLPI
2017-01-30,31.18,31.22,30.96,31.1,20.702135,598647,598600,-0.08,-0.25657,31.04,"January 30, 17",-0.0025657,GLPI
2017-01-27,31.35,31.35,31.055,31.28,20.821951,1624960,1625000,-0.07,-0.22329,31.18,"January 27, 17",-0.0022329,GLPI
2017-01-26,31.23,31.45,31.12,31.25,20.801983,743222,743200,0.02,0.06404099,31.26,"January 26, 17",0.0006404099,GLPI
2017-01-25,31.18,31.345,31.12,31.25,20.801983,297344,296100,0.07,0.2245,31.21,"January 25, 17",0.002245,GLPI
2017-01-24,31.2,31.469,31.055,31.21,20.775358,402891,402100,0.01,0.03205128,31.17,"January 24, 17",0.0003205128,GLPI
2017-01-23,30.8,31.24,30.76,31.19,20.762043,452162,452200,0.39,1.27,31.13,"January 23, 17",0.0127,GLPI
2017-01-20,30.44,30.895,30.34,30.81,20.509089,767604,767600,0.37,1.22,30.71,"January 20, 17",0.0122,GLPI
2017-01-19,30.6,30.7,30.28,30.4,20.236174,452767,452800,-0.2,-0.65359,30.42,"January 19, 17",-0.0065359,GLPI
2017-01-18,30.96,31.06,30.67,30.68,20.422558,572234,572000,-0.28,-0.90439,30.82,"January 18, 17",-0.0090439,GLPI
2017-01-17,30.81,31.02,30.8,30.96,20.608938,791075,791100,0.15,0.48685,30.92,"January 17, 17",0.0048685,GLPI
2017-01-13,30.8,31.08,30.75,30.77,20.482468,716712,716700,-0.03,-0.0974026,30.85,"January 13, 17",-0.000974026,GLPI
2017-01-12,30.76,30.92,30.5758,30.91,20.575657,493061,492900,0.15,0.48765,30.83,"January 12, 17",0.0048765,GLPI
2017-01-11,31.02,31.02,30.69,30.78,20.489122,690089,690100,-0.24,-0.77369,30.81,"January 11, 17",-0.0077369,GLPI
2017-01-10,31.16,31.25,30.84,30.99,20.628912,799214,799200,-0.17,-0.54557,31.04,"January 10, 17",-0.0054557,GLPI
2017-01-09,31.23,31.73,30.91,31.08,20.688822,951758,951800,-0.15,-0.48031,31.08,"January 09, 17",-0.0048031,GLPI
2017-01-06,31.46,31.76,31.21,31.23,20.78867,1249461,1249500,-0.23,-0.73109,31.4,"January 06, 17",-0.0073109,GLPI
2017-01-05,31.44,31.65,31.18,31.62,21.048277,1063061,1063100,0.18,0.57252,31.5,"January 05, 17",0.0057252,GLPI
2017-01-04,30.88,31.42,30.52,31.42,20.915144,1205534,1204800,0.54,1.75,31.22,"January 04, 17",0.0175,GLPI
2017-01-03,30.77,30.87,30.4,30.79,20.495777,827777,827800,0.02,0.06499838,30.61,"January 03, 17",0.0006499838,GLPI
2016-12-30,30.24,30.62,30.16,30.62,20.382616,826600,826600,0.38,1.26,30.54,"December 30, 16",0.0126,GLPI
2016-12-29,30.06,30.3999,29.99,30.31,20.17626,812440,812400,0.25,0.83167,30.22,"December 29, 16",0.0083167,GLPI
2016-12-28,30.13,30.28,29.96,30.05,20.003187,521821,521800,-0.08,-0.26552,30.06,"December 28, 16",-0.0026552,GLPI
2016-12-27,30.35,30.45,29.98,30.13,20.056438,856564,856600,-0.22,-0.72488,30.11,"December 27, 16",-0.0072488,GLPI
2016-12-23,30.41,30.47,30.24,30.4,20.236174,657569,657600,-0.01,-0.03288392,30.35,"December 23, 16",-0.0003288392,GLPI
2016-12-22,30.1,30.45,29.93,30.45,20.269451,931441,931400,0.35,1.16,30.23,"December 22, 16",0.0116,GLPI
2016-12-21,30.28,30.4,30.01,30.03,19.989876,898882,898900,-0.25,-0.82563,30.18,"December 21, 16",-0.0082563,GLPI
2016-12-20,30.05,30.32,29.97,30.28,20.156292,795683,795600,0.23,0.76539,30.17,"December 20, 16",0.0076539,GLPI
2016-12-19,30.15,30.32,29.86,30.16,20.076412,866153,866200,0.01,0.0331675,30.08,"December 19, 16",0.000331675,GLPI
2016-12-16,29.95,30.18,29.67,30.0,19.969902,1717131,1717100,0.05,0.16694,29.99,"December 16, 16",0.0016694,GLPI
2016-12-15,29.455,29.84,29.32,29.78,19.823456,2027816,2027800,0.325,1.1,29.68,"December 15, 16",0.011,GLPI
2016-12-14,30.82,30.82,29.98,30.06,20.00985,1221198,1221200,-0.76,-2.47,30.24,"December 14, 16",-0.0247,GLPI
2016-12-13,30.95,31.04,30.49,30.79,20.495777,964794,964800,-0.16,-0.51696,30.69,"December 13, 16",-0.0051696,GLPI
2016-12-12,30.85,31.08,30.78,31.08,20.688822,954376,954400,0.23,0.74554,30.97,"December 12, 16",0.0074554,GLPI
2016-12-09,31.0,31.29,30.89,31.0,20.635567,625070,624400,0.0,0.0,31.02,"December 09, 16",0.0,GLPI
2016-12-08,30.68,31.08,30.61,31.0,20.635567,1143074,1142700,0.32,1.04,30.88,"December 08, 16",0.0104,GLPI
2016-12-07,30.69,30.93,30.5522,30.88,20.555687,1284096,1284100,0.19,0.61909,30.81,"December 07, 16",0.0061909,GLPI
2016-12-06,30.44,30.71,30.39,30.7,20.435869,1386554,1386600,0.26,0.85414,30.59,"December 06, 16",0.0085414,GLPI
2016-12-05,30.26,30.56,29.97,30.46,20.276104,1146894,1146900,0.2,0.66094,30.35,"December 05, 16",0.0066094,GLPI
2016-12-02,29.67,30.08,29.65,29.91,19.909994,1283571,1283600,0.24,0.8089,29.91,"December 02, 16",0.008089,GLPI
2016-12-01,29.92,30.19,29.41,29.59,19.696981,1545074,1545100,-0.33,-1.1,29.54,"December 01, 16",-0.011,GLPI
2016-11-30,31.03,31.11,30.39,30.51,19.90999,2281437,2281400,-0.52,-1.68,30.64,"November 30, 16",-0.0168,GLPI
2016-11-29,30.93,31.205,30.93,31.11,20.301537,787997,788000,0.18,0.58196,31.08,"November 29, 16",0.0058196,GLPI
2016-11-28,30.52,30.99,30.5,30.85,20.13187,1229315,1229300,0.33,1.08,30.82,"November 28, 16",0.0108,GLPI
2016-11-25,30.73,31.489,30.56,30.6,19.968725,285413,285400,-0.13,-0.42304,30.7,"November 25, 16",-0.0042304,GLPI
2016-11-23,30.81,31.03,30.535,30.65,20.001354,801474,801500,-0.16,-0.51931,30.66,"November 23, 16",-0.0051931,GLPI
2016-11-22,30.7,31.11,30.457,31.01,20.236282,1724562,1724600,0.31,1.01,30.95,"November 22, 16",0.0101,GLPI
2016-11-21,30.25,30.7,30.25,30.59,19.962202,1075613,1075600,0.34,1.12,30.54,"November 21, 16",0.0112,GLPI
2016-11-18,30.35,30.42,30.1065,30.22,19.720751,933121,933100,-0.13,-0.42834,30.21,"November 18, 16",-0.0042834,GLPI
2016-11-17,30.29,30.3,29.9989,30.24,19.733797,1279645,1279600,-0.05,-0.16507,30.15,"November 17, 16",-0.0016507,GLPI
2016-11-16,30.01,30.2,29.78,30.17,19.68812,1447331,1447300,0.16,0.53316,30.04,"November 16, 16",0.0053316,GLPI
2016-11-15,30.04,30.2,29.43,30.0,19.577181,2567981,2568000,-0.04,-0.13316,29.73,"November 15, 16",-0.0013316,GLPI
2016-11-14,29.77,30.06,29.545,30.04,19.603287,2550716,2550500,0.27,0.90695,29.86,"November 14, 16",0.0090695,GLPI
2016-11-11,30.12,30.45,29.87,29.88,19.498875,1742395,1742300,-0.24,-0.79681,30.07,"November 11, 16",-0.0079681,GLPI
2016-11-10,31.07,31.33,29.87,30.15,19.675068,2583732,2583700,-0.92,-2.96,30.18,"November 10, 16",-0.0296,GLPI
2016-11-09,30.87,31.5,30.78,31.04,20.255859,1662646,1662600,0.17,0.5507,31.2,"November 09, 16",0.005507,GLPI
2016-11-08,31.72,32.15,31.72,31.94,20.843176,907735,907700,0.22,0.69357,31.91,"November 08, 16",0.0069357,GLPI
2016-11-07,31.64,32.05,31.64,31.77,20.732237,630685,630700,0.13,0.41087,31.79,"November 07, 16",0.0041087,GLPI
2016-11-04,31.29,31.6499,31.05,31.33,20.445105,591971,591200,0.04,0.12784,31.4,"November 04, 16",0.0012784,GLPI
2016-11-03,31.57,31.61,31.15,31.2,20.360271,844722,844200,-0.37,-1.17,31.39,"November 03, 16",-0.0117,GLPI
2016-11-02,32.07,32.31,31.64,31.66,20.660456,878476,855900,-0.41,-1.28,31.86,"November 02, 16",-0.0128,GLPI
2016-11-01,32.84,32.87,32.015,32.03,20.901907,690724,690700,-0.81,-2.47,32.25,"November 01, 16",-0.0247,GLPI
2016-10-31,32.45,32.84,32.26,32.83,21.423962,456937,456900,0.38,1.17,32.72,"October 31, 16",0.0117,GLPI
2016-10-28,32.15,32.41,32.13,32.29,21.071568,539986,540000,0.14,0.43546,32.29,"October 28, 16",0.0043546,GLPI
2016-10-27,32.52,32.65,31.95,32.1,20.947586,778180,778200,-0.42,-1.29,32.08,"October 27, 16",-0.0129,GLPI
2016-10-26,32.7,32.7,32.24,32.64,21.299976,721453,721500,-0.06,-0.18349,32.51,"October 26, 16",-0.0018349,GLPI
2016-10-25,32.93,32.93,32.65,32.74,21.365234,499602,499600,-0.19,-0.57698,32.74,"October 25, 16",-0.0057698,GLPI
2016-10-24,32.79,33.28,32.76,32.91,21.476168,848437,847900,0.12,0.36597,32.9,"October 24, 16",0.0036597,GLPI
2016-10-21,32.95,33.1,32.81,32.89,21.463118,648394,648400,-0.06,-0.18209,32.91,"October 21, 16",-0.0018209,GLPI
2016-10-20,33.1,33.15,32.81,32.95,21.502274,385734,385700,-0.15,-0.45317,32.95,"October 20, 16",-0.0045317,GLPI
2016-10-19,32.99,33.11,32.68,33.04,21.560999,571220,570900,0.05,0.15156,32.98,"October 19, 16",0.0015156,GLPI
2016-10-18,33.05,33.24,32.87,32.99,21.528374,471602,471600,-0.06,-0.18154,33.02,"October 18, 16",-0.0018154,GLPI
2016-10-17,32.92,33.005,32.76,32.85,21.437017,563386,563400,-0.07,-0.21264,32.9,"October 17, 16",-0.0021264,GLPI
2016-10-14,32.97,33.02,32.59,32.85,21.437017,752198,751500,-0.12,-0.36397,32.81,"October 14, 16",-0.0036397,GLPI
2016-10-13,32.48,32.95,32.33,32.94,21.495747,880403,879600,0.46,1.42,32.81,"October 13, 16",0.0142,GLPI
2016-10-12,32.27,32.54,32.195,32.48,21.195562,608901,608900,0.21,0.65076,32.42,"October 12, 16",0.0065076,GLPI
2016-10-11,32.65,32.65,32.105,32.18,20.999792,649426,649400,-0.47,-1.44,32.25,"October 11, 16",-0.0144,GLPI
2016-10-10,32.55,32.83,32.47,32.66,21.31303,532648,532600,0.11,0.33794,32.65,"October 10, 16",0.0033794,GLPI
2016-10-07,32.38,32.81,32.14,32.49,21.202091,1414017,1413200,0.11,0.33972,32.42,"October 07, 16",0.0033972,GLPI
2016-10-06,32.04,32.31,31.77,32.17,20.993263,1920823,1920800,0.13,0.40574,32.08,"October 06, 16",0.0040574,GLPI
2016-10-05,32.89,32.9889,32.125,32.25,21.045471,1695429,1695400,-0.64,-1.95,32.3,"October 05, 16",-0.0195,GLPI
2016-10-04,33.21,33.21,32.49,32.78,21.391329,910460,910200,-0.43,-1.29,32.73,"October 04, 16",-0.0129,GLPI
2016-10-03,33.47,33.47,33.0167,33.17,21.645832,786500,786500,-0.3,-0.89633,33.19,"October 03, 16",-0.0089633,GLPI
2016-09-30,33.82,33.88,33.43,33.45,21.828552,1380504,1380400,-0.37,-1.09,33.56,"September 30, 16",-0.0109,GLPI
2016-09-29,34.0,34.1125,33.66,33.82,22.070011,545300,545300,-0.18,-0.52941,33.92,"September 29, 16",-0.0052941,GLPI
2016-09-28,33.87,34.19,33.73,34.02,22.20052,723714,723700,0.15,0.44287,34.02,"September 28, 16",0.0044287,GLPI
2016-09-27,33.9,34.11,33.71,33.75,22.024334,868716,868700,-0.15,-0.44248,33.88,"September 27, 16",-0.0044248,GLPI
2016-09-26,34.0,34.06,33.8,33.8,22.056957,999826,999800,-0.2,-0.58824,33.88,"September 26, 16",-0.0058824,GLPI
2016-09-23,33.99,34.1,33.67,34.0,22.187479,760366,760400,0.01,0.02942042,33.94,"September 23, 16",0.0002942042,GLPI
2016-09-22,33.66,34.16,33.56,34.0,22.187479,763881,763900,0.34,1.01,34.01,"September 22, 16",0.0101,GLPI
2016-09-21,33.1,33.63,32.75,33.54,21.887293,910071,910100,0.44,1.33,33.22,"September 21, 16",0.0133,GLPI
2016-09-20,33.2,33.44,32.99,33.02,21.547953,1009549,1009500,-0.18,-0.54217,33.14,"September 20, 16",-0.0054217,GLPI
2016-09-19,32.92,33.05,32.74,33.0,21.534899,730755,730800,0.08,0.24301,32.91,"September 19, 16",0.0024301,GLPI
2016-09-16,32.69,33.02,32.61,32.74,21.365234,1843550,1843600,0.05,0.15295,32.78,"September 16, 16",0.0015295,GLPI
2016-09-15,32.69,32.85,32.48,32.76,21.378286,1512930,1494000,0.07,0.21413,32.7,"September 15, 16",0.0021413,GLPI
2016-09-14,32.4,32.78,32.35,32.66,21.31303,1961022,1961000,0.26,0.80247,32.57,"September 14, 16",0.0080247,GLPI
2016-09-13,32.9,32.9,32.42,32.42,21.156406,1110252,1110300,-0.48,-1.46,32.59,"September 13, 16",-0.0146,GLPI
2016-09-12,32.87,33.21,32.75,33.0,21.534899,1390132,1390100,0.13,0.3955,33.0,"September 12, 16",0.003955,GLPI
2016-09-09,33.87,33.87,32.94,33.0,21.534899,1835910,1835900,-0.87,-2.57,33.2,"September 09, 16",-0.0257,GLPI
2016-09-08,34.15,34.34,33.81,34.06,22.226624,1252592,1252600,-0.09,-0.26354,34.02,"September 08, 16",-0.0026354,GLPI
2016-09-07,35.2,35.2,34.54,34.76,22.291887,2022073,2022100,-0.44,-1.25,34.79,"September 07, 16",-0.0125,GLPI
2016-09-06,34.5,34.76,34.28,34.62,22.202103,784623,784600,0.12,0.34783,34.51,"September 06, 16",0.0034783,GLPI
2016-09-02,34.29,34.75,34.29,34.47,22.105911,720039,720000,0.18,0.52493,34.5,"September 02, 16",0.0052493,GLPI
2016-09-01,34.18,34.7799,33.99,34.17,21.913513,896233,896200,-0.01,-0.02925688,34.14,"September 01, 16",-0.0002925688,GLPI
2016-08-31,34.13,34.49,34.1,34.21,21.939167,1266541,1266500,0.08,0.2344,34.19,"August 31, 16",0.002344,GLPI
2016-08-30,34.2,34.33,34.09,34.14,21.894276,653700,653700,-0.06,-0.17544,34.18,"August 30, 16",-0.0017544,GLPI
2016-08-29,34.17,34.44,34.05,34.2,21.932753,714523,714500,0.03,0.08779631,34.23,"August 29, 16",0.0008779631,GLPI
2016-08-26,34.64,34.69,33.931,34.03,21.823727,1312739,1312700,-0.61,-1.76,34.26,"August 26, 16",-0.0176,GLPI
2016-08-25,34.78,34.89,34.46,34.49,22.118731,911649,910900,-0.29,-0.83381,34.54,"August 25, 16",-0.0083381,GLPI
2016-08-24,34.99,35.12,34.66,34.74,22.279058,673882,673900,-0.25,-0.71449,34.76,"August 24, 16",-0.0071449,GLPI
2016-08-23,35.0,35.04,34.86,34.91,22.388081,560829,560500,-0.09,-0.25714,34.96,"August 23, 16",-0.0025714,GLPI
2016-08-22,34.85,35.0,34.71,34.89,22.375257,773677,773700,0.04,0.11478,34.85,"August 22, 16",0.0011478,GLPI
2016-08-19,34.95,34.975,34.67,34.85,22.349606,750030,750000,-0.1,-0.28612,34.8,"August 19, 16",-0.0028612,GLPI
2016-08-18,34.83,35.015,34.74,34.94,22.407318,881085,881100,0.11,0.31582,34.9,"August 18, 16",0.0031582,GLPI
2016-08-17,34.8,34.96,34.19,34.85,22.349606,1337006,1337000,0.05,0.14368,34.62,"August 17, 16",0.0014368,GLPI
2016-08-16,35.14,35.47,34.72,34.74,22.279058,1280747,1280700,-0.4,-1.14,34.85,"August 16, 16",-0.0114,GLPI
2016-08-15,35.5,35.67,35.23,35.25,22.606121,1379608,1379600,-0.25,-0.70423,35.47,"August 15, 16",-0.0070423,GLPI
2016-08-12,35.49,35.5536,35.215,35.41,22.708733,1541621,1541600,-0.08,-0.22542,35.4,"August 12, 16",-0.0022542,GLPI
2016-08-11,35.69,35.69,35.125,35.52,22.779278,1283659,1283700,-0.17,-0.47632,35.38,"August 11, 16",-0.0047632,GLPI
2016-08-10,35.82,35.94,35.57,35.65,22.862652,869872,869900,-0.17,-0.4746,35.69,"August 10, 16",-0.004746,GLPI
2016-08-09,35.35,35.9,35.35,35.89,23.016563,1635874,1663400,0.54,1.53,35.68,"August 09, 16",0.0153,GLPI
2016-08-08,35.54,35.74,35.34,35.4,22.70232,1210554,1210300,-0.14,-0.39392,35.44,"August 08, 16",-0.0039392,GLPI
2016-08-05,35.46,35.9,35.2,35.45,22.734383,799320,799300,-0.01,-0.02820079,35.44,"August 05, 16",-0.0002820079,GLPI
2016-08-04,35.38,35.67,35.38,35.42,22.715149,554818,554800,0.04,0.11306,35.45,"August 04, 16",0.0011306,GLPI
2016-08-03,35.48,35.79,35.12,35.45,22.734383,856153,856200,-0.03,-0.08455468,35.33,"August 03, 16",-0.0008455468,GLPI
2016-08-02,35.84,35.97,35.375,35.41,22.708733,1103440,1103400,-0.43,-1.2,35.53,"August 02, 16",-0.012,GLPI
2016-08-01,35.88,35.98,35.61,35.87,23.00374,939881,939900,-0.01,-0.02787068,35.84,"August 01, 16",-0.0002787068,GLPI
2016-07-29,35.53,35.93,35.52,35.83,22.978088,962685,953700,0.3,0.84436,35.82,"July 29, 16",0.0084436,GLPI
2016-07-28,35.42,35.69,35.27,35.59,22.824175,697816,697800,0.17,0.47995,35.5,"July 28, 16",0.0047995,GLPI
2016-07-27,35.48,35.48,35.229,35.34,22.663845,756565,756600,-0.14,-0.39459,35.36,"July 27, 16",-0.0039459,GLPI
2016-07-26,35.48,35.57,35.26,35.4,22.70232,960573,960600,-0.08,-0.22548,35.39,"July 26, 16",-0.0022548,GLPI
2016-07-25,35.39,35.55,35.2,35.54,22.792097,732084,732100,0.15,0.42385,35.48,"July 25, 16",0.0042385,GLPI
2016-07-22,35.16,35.495,35.0,35.37,22.683083,1006348,1006300,0.21,0.59727,35.35,"July 22, 16",0.0059727,GLPI
2016-07-21,35.22,35.37,35.115,35.22,22.586891,947391,947300,0.0,0.0,35.24,"July 21, 16",0.0,GLPI
2016-07-20,35.18,35.23,35.03,35.22,22.586891,727020,727000,0.04,0.1137,35.16,"July 20, 16",0.001137,GLPI
2016-07-19,35.09,35.17,34.81,35.15,22.541996,732565,732600,0.06,0.17099,35.08,"July 19, 16",0.0017099,GLPI
2016-07-18,34.98,35.14,34.97,35.07,22.490688,507287,507300,0.09,0.25729,35.07,"July 18, 16",0.0025729,GLPI
2016-07-15,35.15,35.2,34.83,35.12,22.522758,745847,745800,-0.03,-0.08534851,35.09,"July 15, 16",-0.0008534851,GLPI
2016-07-14,35.19,35.2,34.96,35.08,22.497101,1427601,1427600,-0.11,-0.31259,35.06,"July 14, 16",-0.0031259,GLPI
2016-07-13,35.05,35.11,34.71,35.11,22.516342,1832120,1832100,0.06,0.17118,34.98,"July 13, 16",0.0017118,GLPI
2016-07-12,35.05,35.07,34.85,35.06,22.484276,1519256,1519200,0.01,0.02853067,35.0,"July 12, 16",0.0002853067,GLPI
2016-07-11,35.0,35.005,34.68,34.97,22.426558,1108343,1108300,-0.03,-0.08571429,34.93,"July 11, 16",-0.0008571429,GLPI
2016-07-08,34.98,35.06,34.75,34.98,22.432968,1592307,1592300,0.0,0.0,34.93,"July 08, 16",0.0,GLPI
2016-07-07,35.0,35.19,34.695,34.73,22.272644,1097980,1098000,-0.27,-0.77143,34.89,"July 07, 16",-0.0077143,GLPI
2016-07-06,34.85,35.16,34.71,35.16,22.548412,2329232,2329200,0.31,0.88953,35.07,"July 06, 16",0.0088953,GLPI
2016-07-05,34.89,35.1,34.67,35.06,22.484276,1405224,1405200,0.17,0.48725,35.0,"July 05, 16",0.0048725,GLPI
2016-07-01,34.37,34.88,34.32,34.86,22.35602,1759338,1759300,0.49,1.43,34.77,"July 01, 16",0.0143,GLPI
2016-06-30,34.15,34.48,33.84,34.48,22.112322,2146189,2146200,0.33,0.96633,34.28,"June 30, 16",0.0096633,GLPI
2016-06-29,34.0,34.27,33.935,34.19,21.926338,1031093,1031100,0.19,0.55882,34.18,"June 29, 16",0.0055882,GLPI
2016-06-28,33.9,34.09,33.62,33.97,21.785248,1869699,1869700,0.07,0.20649,33.85,"June 28, 16",0.0020649,GLPI
2016-06-27,34.12,34.12,33.63,33.71,21.618509,2616346,2601200,-0.41,-1.2,33.76,"June 27, 16",-0.012,GLPI
2016-06-24,33.67,34.7,33.37,34.3,21.996881,6334728,6334700,0.63,1.87,34.34,"June 24, 16",0.0187,GLPI
2016-06-23,34.65,34.86,34.34,34.43,22.080252,1046675,1046700,-0.22,-0.63492,34.46,"June 23, 16",-0.0063492,GLPI
2016-06-22,34.8,34.88,34.48,34.48,22.112322,1232088,1232100,-0.32,-0.91954,34.67,"June 22, 16",-0.0091954,GLPI
2016-06-21,34.61,34.88,34.525,34.81,22.323952,1252183,1252200,0.2,0.57787,34.72,"June 21, 16",0.0057787,GLPI
2016-06-20,34.99,35.03,34.51,34.58,22.176453,1696482,1696500,-0.41,-1.17,34.68,"June 20, 16",-0.0117,GLPI
2016-06-17,34.34,34.86,34.3162,34.83,22.336775,3412868,3412900,0.49,1.43,34.75,"June 17, 16",0.0143,GLPI
2016-06-16,33.85,34.35,33.63,34.32,22.009712,1640173,1640200,0.47,1.39,34.19,"June 16, 16",0.0139,GLPI
2016-06-15,33.66,33.91,33.54,33.89,21.733948,858230,857500,0.23,0.6833,33.74,"June 15, 16",0.006833,GLPI
2016-06-14,33.78,33.88,33.42,33.57,21.528728,1119729,1119700,-0.21,-0.62167,33.65,"June 14, 16",-0.0062167,GLPI
2016-06-13,34.1,34.295,33.64,33.77,21.656988,1587776,1587800,-0.33,-0.96774,33.87,"June 13, 16",-0.0096774,GLPI
2016-06-10,33.75,34.11,33.52,34.07,21.849382,1252536,1252500,0.32,0.94815,33.97,"June 10, 16",0.0094815,GLPI
2016-06-09,33.88,34.07,33.765,33.97,21.785248,927022,927000,0.09,0.26564,34.0,"June 09, 16",0.0026564,GLPI
2016-06-08,33.49,34.06,33.41,34.02,21.817318,1187310,1187300,0.53,1.58,33.8,"June 08, 16",0.0158,GLPI
2016-06-07,33.31,33.66,33.31,33.51,21.490246,1182230,1182200,0.2,0.60042,33.58,"June 07, 16",0.0060042,GLPI
2016-06-06,33.5,33.72,33.225,33.26,21.329918,1460115,1460100,-0.24,-0.71642,33.4,"June 06, 16",-0.0071642,GLPI
2016-06-03,32.77,33.57,32.77,33.44,21.445356,1205963,1206000,0.67,2.04,33.43,"June 03, 16",0.0204,GLPI
2016-06-02,33.14,33.31,33.03,33.23,21.310682,1472762,1472800,0.09,0.27158,33.21,"June 02, 16",0.0027158,GLPI
2016-06-01,32.74,33.52,32.26,33.27,21.33633,2735193,2735200,0.53,1.62,33.28,"June 01, 16",0.0162,GLPI
2016-05-31,32.47,32.96,32.15,32.91,21.105465,2152453,2152500,0.44,1.36,32.78,"May 31, 16",0.0136,GLPI
2016-05-27,32.88,33.055,32.78,33.05,20.836115,1546117,1545300,0.17,0.51703,32.99,"May 27, 16",0.0051703,GLPI
2016-05-26,32.81,33.0101,32.6,32.89,20.735247,2042018,2042000,0.08,0.24383,32.81,"May 26, 16",0.0024383,GLPI
2016-05-25,32.84,32.86,32.4408,32.73,20.634371,1239343,1190500,-0.11,-0.33496,32.71,"May 25, 16",-0.0033496,GLPI
2016-05-24,32.82,32.96,32.67,32.74,20.640678,1140156,1140200,-0.08,-0.24375,32.77,"May 24, 16",-0.0024375,GLPI
2016-05-23,32.74,32.97,32.56,32.74,20.640678,1409219,1408400,0.0,0.0,32.73,"May 23, 16",0.0,GLPI
2016-05-20,32.83,32.95,32.42,32.74,20.640678,1697119,1697100,-0.09,-0.27414,32.67,"May 20, 16",-0.0027414,GLPI
2016-05-19,32.09,32.655,31.75,32.6,20.552416,7860711,7860700,0.51,1.59,32.25,"May 19, 16",0.0159,GLPI
2016-05-18,33.26,33.41,32.435,32.97,20.785677,2097828,2097800,-0.29,-0.87192,33.06,"May 18, 16",-0.0087192,GLPI
2016-05-17,33.58,33.76,33.2,33.32,21.00633,2113379,2113400,-0.26,-0.77427,33.46,"May 17, 16",-0.0077427,GLPI
2016-05-16,33.24,33.82,33.01,33.76,21.283728,1194116,1194100,0.52,1.56,33.7,"May 16, 16",0.0156,GLPI
2016-05-13,33.55,33.55,33.08,33.3,20.993727,1402394,1402400,-0.25,-0.74516,33.27,"May 13, 16",-0.0074516,GLPI
2016-05-12,33.43,33.73,33.17,33.61,21.189161,1263408,1263400,0.18,0.53844,33.57,"May 12, 16",0.0053844,GLPI
2016-05-11,33.52,33.63,33.02,33.36,21.031549,1728932,1728900,-0.16,-0.47733,33.34,"May 11, 16",-0.0047733,GLPI
2016-05-10,33.59,33.8,33.35,33.65,21.214376,1877445,1877400,0.06,0.17862,33.54,"May 10, 16",0.0017862,GLPI
2016-05-09,33.02,33.62,32.52,33.58,21.170254,4039081,4039000,0.56,1.7,33.31,"May 09, 16",0.017,GLPI
2016-05-06,32.8,33.08,32.48,33.04,20.829813,3036103,3036100,0.24,0.73171,32.92,"May 06, 16",0.0073171,GLPI
2016-05-05,33.18,33.18,32.63,32.87,20.722633,2328088,2328100,-0.31,-0.9343,32.83,"May 05, 16",-0.009343,GLPI
2016-05-04,32.65,33.28,32.48,33.2,20.930683,3011758,3011600,0.55,1.68,33.08,"May 04, 16",0.0168,GLPI
2016-05-03,33.11,33.32,32.62,32.78,20.665892,3191956,3192000,-0.33,-0.99668,32.87,"May 03, 16",-0.0099668,GLPI
2016-05-02,32.95,33.3,32.67,33.1,20.867636,3536997,3536900,0.15,0.45524,33.05,"May 02, 16",0.0045524,GLPI
2016-04-29,32.63,32.91,32.29,32.79,20.672201,12822999,12823000,0.16,0.49035,32.73,"April 29, 16",0.0049035,GLPI
2016-04-28,32.25,32.57,31.93,32.57,20.533501,5749531,5749500,0.32,0.99225,32.38,"April 28, 16",0.0099225,GLPI
2016-04-27,32.29,32.52,32.07,32.34,20.3885,2460986,2461000,0.05,0.15485,32.33,"April 27, 16",0.0015485,GLPI
2016-04-26,32.33,32.93,32.05,32.2,20.300236,3428272,3428300,-0.13,-0.4021,32.37,"April 26, 16",-0.004021,GLPI
2016-04-25,32.04,32.24,31.84,32.2,20.300236,2003002,2003000,0.16,0.49938,32.12,"April 25, 16",0.0049938,GLPI
2016-04-22,32.06,32.43,31.83,31.87,20.092192,2800166,2800200,-0.19,-0.59264,32.07,"April 22, 16",-0.0059264,GLPI
2016-04-21,32.83,33.01,31.71,32.06,20.211977,3447514,3447500,-0.77,-2.35,32.22,"April 21, 16",-0.0235,GLPI
2016-04-20,33.48,33.52,32.61,32.63,20.571333,5095440,5095400,-0.85,-2.54,32.9,"April 20, 16",-0.0254,GLPI
2016-04-19,33.25,33.61,32.65,33.56,21.157639,1990818,1990800,0.31,0.93233,33.41,"April 19, 16",0.0093233,GLPI
2016-04-18,32.87,33.22,32.74,33.18,20.918074,2298768,2298800,0.31,0.94311,33.05,"April 18, 16",0.0094311,GLPI
2016-04-15,33.01,33.31,32.9,33.01,20.810894,1662614,1662600,0.0,0.0,33.12,"April 15, 16",0.0,GLPI
2016-04-14,33.26,33.43,32.58,32.94,20.766762,3693299,3693300,-0.32,-0.96212,32.82,"April 14, 16",-0.0096212,GLPI
2016-04-13,32.71,33.33,32.71,33.22,20.943293,2675274,2675300,0.51,1.56,33.12,"April 13, 16",0.0156,GLPI
2016-04-12,32.24,32.71,31.99,32.6,20.552416,3787321,3787300,0.36,1.12,32.38,"April 12, 16",0.0112,GLPI
2016-04-11,31.81,32.23,31.43,32.14,20.262413,2461588,2461600,0.33,1.04,31.9,"April 11, 16",0.0104,GLPI
2016-04-08,31.59,31.99,31.52,31.63,19.940889,2896228,2895400,0.04,0.12662,31.73,"April 08, 16",0.0012662,GLPI
2016-04-07,31.42,31.57,31.2149,31.54,19.884148,1943143,1943100,0.12,0.38192,31.44,"April 07, 16",0.0038192,GLPI
2016-04-06,31.56,31.75,31.29,31.62,19.93458,2064335,2064300,0.06,0.19011,31.54,"April 06, 16",0.0019011,GLPI
2016-04-05,31.45,31.69,31.2,31.49,19.852623,2689359,2689400,0.04,0.12719,31.48,"April 05, 16",0.0012719,GLPI
2016-04-04,31.54,31.89,31.43,31.56,19.896755,2686534,2686500,0.02,0.06341154,31.68,"April 04, 16",0.0006341154,GLPI
2016-04-01,31.5,31.84,31.3,31.54,19.884148,14322744,14322700,0.04,0.12698,31.52,"April 01, 16",0.0012698,GLPI
2016-03-31,31.04,31.44,30.73,30.92,19.493273,1610303,1610300,-0.12,-0.3866,30.93,"March 31, 16",-0.003866,GLPI
2016-03-30,30.53,31.56,30.53,31.13,19.625662,1861288,1861300,0.6,1.97,31.19,"March 30, 16",0.0197,GLPI
2016-03-29,29.0,30.535,28.73,30.28,19.08979,1971389,1971400,1.28,4.41,30.07,"March 29, 16",0.0441,GLPI
2016-03-28,29.8,30.3,29.6,29.91,18.856524,813840,813800,0.11,0.36913,29.88,"March 28, 16",0.0036913,GLPI
2016-03-24,29.43,29.79,29.15,29.76,18.761961,734946,734900,0.33,1.12,29.5,"March 24, 16",0.0112,GLPI
2016-03-23,29.8,29.92,29.315,29.69,18.717833,500449,500400,-0.11,-0.36913,29.78,"March 23, 16",-0.0036913,GLPI
2016-03-22,29.66,29.87,29.52,29.85,18.818701,475593,475300,0.19,0.64059,29.8,"March 22, 16",0.0064059,GLPI
2016-03-21,29.57,29.76,29.5201,29.74,18.749353,577349,577300,0.17,0.57491,29.7,"March 21, 16",0.0057491,GLPI
2016-03-18,29.71,29.89,29.26,29.53,18.616961,1264389,1264400,-0.18,-0.60586,29.68,"March 18, 16",-0.0060586,GLPI
2016-03-17,29.42,29.93,29.1,29.65,18.692608,631595,631600,0.23,0.78178,29.59,"March 17, 16",0.0078178,GLPI
2016-03-16,28.57,29.39,28.42,29.36,18.509783,1117035,1117000,0.79,2.77,29.09,"March 16, 16",0.0277,GLPI
2016-03-15,28.75,28.75,28.32,28.62,18.043255,481948,481900,-0.13,-0.45217,28.54,"March 15, 16",-0.0045217,GLPI
2016-03-14,28.78,29.0,28.65,28.77,18.137823,573332,573300,-0.01,-0.03474635,28.8,"March 14, 16",-0.0003474635,GLPI
2016-03-11,28.44,28.86,28.44,28.85,18.188257,516755,516800,0.41,1.44,28.69,"March 11, 16",0.0144,GLPI
2016-03-10,28.75,28.91,27.99,28.33,17.860432,387170,387200,-0.42,-1.46,28.31,"March 10, 16",-0.0146,GLPI
2016-03-09,28.5,28.77,28.06,28.64,18.055864,438946,438900,0.14,0.49123,28.6,"March 09, 16",0.0049123,GLPI
2016-03-08,28.52,28.65,28.27,28.47,17.948689,1091781,1091800,-0.05,-0.17532,28.49,"March 08, 16",-0.0017532,GLPI
2016-03-07,28.21,28.9,28.12,28.68,18.081085,916758,914500,0.47,1.67,28.64,"March 07, 16",0.0167,GLPI
2016-03-04,28.08,28.38,27.83,28.3,17.841513,1318556,1317900,0.22,0.78348,28.22,"March 04, 16",0.0078348,GLPI
2016-03-03,26.65,28.02,26.63,28.0,17.652378,1606505,1606100,1.35,5.07,27.78,"March 03, 16",0.0507,GLPI
2016-03-02,26.69,26.9,26.31,26.68,16.820198,532649,532600,-0.01,-0.03746722,26.64,"March 02, 16",-0.0003746722,GLPI
2016-03-01,26.27,26.95,26.17,26.68,16.820198,911982,912000,0.41,1.56,26.66,"March 01, 16",0.0156,GLPI
2016-02-29,25.52,26.4399,25.52,26.19,16.511282,1353529,1353500,0.67,2.63,26.19,"February 29, 16",0.0263,GLPI
2016-02-26,25.43,25.79,25.075,25.46,16.051058,789611,789600,0.03,0.11797,25.54,"February 26, 16",0.0011797,GLPI
2016-02-25,25.21,26.095,25.07,25.35,15.981709,724214,724200,0.14,0.55534,25.35,"February 25, 16",0.0055534,GLPI
2016-02-24,25.02,25.82,24.69,25.1,15.824099,722363,722400,0.08,0.31974,25.03,"February 24, 16",0.0031974,GLPI
2016-02-23,25.42,25.63,25.05,25.18,15.874537,985049,984800,-0.24,-0.94414,25.34,"February 23, 16",-0.0094414,GLPI
2016-02-22,25.54,25.99,25.46,25.54,16.101492,1190441,1190200,0.0,0.0,25.74,"February 22, 16",0.0,GLPI
2016-02-19,25.49,25.8,25.31,25.43,16.032146,846172,846200,-0.06,-0.23539,25.5,"February 19, 16",-0.0023539,GLPI
2016-02-18,25.77,26.03,24.95,25.63,16.158234,1897446,1897400,-0.14,-0.54327,25.41,"February 18, 16",-0.0054327,GLPI
2016-02-17,26.05,26.66,25.775,26.25,16.196058,1171288,1171200,0.2,0.76775,26.34,"February 17, 16",0.0076775,GLPI
2016-02-16,25.77,26.1192,25.51,26.01,16.047983,538152,538200,0.24,0.93132,25.95,"February 16, 16",0.0093132,GLPI
2016-02-12,26.03,26.445,25.49,25.6,15.795013,568340,568300,-0.43,-1.65,25.66,"February 12, 16",-0.0165,GLPI
2016-02-11,25.85,26.05,25.64,25.85,15.949268,694678,694700,0.0,0.0,25.89,"February 11, 16",0.0,GLPI
2016-02-10,26.29,26.69,26.07,26.22,16.177546,568935,568300,-0.07,-0.26626,26.35,"February 10, 16",-0.0026626,GLPI
2016-02-09,25.95,26.31,25.71,26.19,16.159042,1014125,1013500,0.24,0.92486,26.13,"February 09, 16",0.0092486,GLPI
2016-02-08,26.69,26.89,25.51,26.09,16.097343,813568,813600,-0.6,-2.25,26.06,"February 08, 16",-0.0225,GLPI
2016-02-05,27.44,27.44,26.62,26.88,16.584763,1429741,1429700,-0.56,-2.04,26.98,"February 05, 16",-0.0204,GLPI
2016-02-04,26.14,27.56,25.73,27.29,16.837734,1470333,1470000,1.15,4.4,27.15,"February 04, 16",0.044,GLPI
2016-02-03,26.69,27.15,25.86,26.26,16.202227,684918,684400,-0.43,-1.61,26.27,"February 03, 16",-0.0161,GLPI
2016-02-02,26.5,26.73,26.22,26.57,16.393499,856097,855300,0.07,0.26415,26.53,"February 02, 16",0.0026415,GLPI
2016-02-01,25.99,26.9,25.62,26.6,16.412006,709957,709900,0.61,2.35,26.44,"February 01, 16",0.0235,GLPI
2016-01-29,25.26,26.1,25.26,26.08,16.091169,799143,799100,0.82,3.25,25.91,"January 29, 16",0.0325,GLPI
2016-01-28,26.13,26.13,25.19,25.25,15.579068,736687,736700,-0.88,-3.37,25.41,"January 28, 16",-0.0337,GLPI
2016-01-27,25.72,25.72,25.11,25.28,15.597578,581638,581600,-0.44,-1.71,25.32,"January 27, 16",-0.0171,GLPI
2016-01-26,25.14,25.74,25.13,25.73,15.875223,392604,392600,0.59,2.35,25.59,"January 26, 16",0.0235,GLPI
2016-01-25,25.44,25.66,25.08,25.08,15.474178,828628,828600,-0.36,-1.42,25.25,"January 25, 16",-0.0142,GLPI
2016-01-22,25.12,26.4799,25.07,25.5,15.733316,1195928,1195900,0.38,1.51,25.28,"January 22, 16",0.0151,GLPI
2016-01-21,25.01,25.77,24.58,24.82,15.313762,746113,745800,-0.19,-0.7597,24.84,"January 21, 16",-0.007597,GLPI
2016-01-20,26.05,26.05,24.21,24.96,15.40014,1300493,1300500,-1.09,-4.18,24.79,"January 20, 16",-0.0418,GLPI
2016-01-19,26.1,27.96,26.0,26.26,16.202227,764776,764800,0.16,0.61303,26.24,"January 19, 16",0.0061303,GLPI
2016-01-15,25.58,26.03,25.06,26.01,16.047983,958496,958400,0.43,1.68,25.63,"January 15, 16",0.0168,GLPI
2016-01-14,25.56,26.21,25.2,25.93,15.998621,744064,744100,0.37,1.45,25.73,"January 14, 16",0.0145,GLPI
2016-01-13,26.1,26.33,25.51,25.54,15.757993,726416,726400,-0.56,-2.15,25.75,"January 13, 16",-0.0215,GLPI
2016-01-12,26.71,26.85,25.69,26.09,16.097343,1030385,1030400,-0.62,-2.32,26.07,"January 12, 16",-0.0232,GLPI
2016-01-11,26.8,27.14,26.54,26.55,16.381161,907647,907600,-0.25,-0.93284,26.79,"January 11, 16",-0.0093284,GLPI
2016-01-08,27.24,27.43,26.71,26.75,16.504562,792468,792500,-0.49,-1.8,27.01,"January 08, 16",-0.018,GLPI
2016-01-07,27.48,27.58,27.14,27.16,16.757523,428962,429000,-0.32,-1.16,27.33,"January 07, 16",-0.0116,GLPI
2016-01-06,27.92,28.2,27.59,27.7,17.090698,1005360,1005400,-0.22,-0.78797,27.79,"January 06, 16",-0.0078797,GLPI
2016-01-05,27.7,28.3,27.47,28.15,17.368349,1198960,1199000,0.45,1.62,28.02,"January 05, 16",0.0162,GLPI
2016-01-04,27.52,27.65,27.06,27.64,17.053675,1122887,1122900,0.12,0.43605,27.6,"January 04, 16",0.0043605,GLPI
2015-12-31,27.63,28.04,27.43,27.8,17.152395,679096,678300,0.17,0.61527,27.78,"December 31, 15",0.0061527,GLPI
2015-12-30,28.2,28.42,27.735,27.77,17.133892,810033,810000,-0.43,-1.52,28.04,"December 30, 15",-0.0152,GLPI
2015-12-29,27.93,28.475,27.87,28.31,17.467062,832153,831900,0.38,1.36,28.24,"December 29, 15",0.0136,GLPI
2015-12-28,28.0,28.0,27.46,27.93,17.232611,636684,636700,-0.07,-0.25,27.83,"December 28, 15",-0.0025,GLPI
2015-12-24,28.07,28.11,27.85,28.01,17.281965,235740,235700,-0.06,-0.21375,28.03,"December 24, 15",-0.0021375,GLPI
2015-12-23,27.95,28.14,27.8,28.115,17.346752,570665,570700,0.165,0.59034,28.02,"December 23, 15",0.0059034,GLPI
2015-12-22,27.54,28.03,27.54,27.83,17.170904,847140,847000,0.29,1.05,27.81,"December 22, 15",0.0105,GLPI
2015-12-21,27.41,27.86,27.37,27.67,17.072186,950888,950800,0.26,0.94856,27.61,"December 21, 15",0.0094856,GLPI
2015-12-18,27.61,27.86,26.976,27.28,16.831564,1738232,1738200,-0.33,-1.2,27.43,"December 18, 15",-0.012,GLPI
2015-12-17,27.11,27.68,27.015,27.59,17.022827,2598234,2598200,0.48,1.77,27.48,"December 17, 15",0.0177,GLPI
2015-12-16,26.25,27.06,26.17,27.0,16.658806,1355173,1355200,0.75,2.86,26.8,"December 16, 15",0.0286,GLPI
2015-12-15,25.79,26.38,25.79,26.08,16.091169,1297427,1297300,0.29,1.12,26.04,"December 15, 15",0.0112,GLPI
2015-12-14,26.92,27.16,25.815,25.9,15.98011,1228140,1210600,-1.02,-3.79,26.12,"December 14, 15",-0.0379,GLPI
2015-12-11,27.15,27.44,26.82,27.04,16.683487,1210354,1210400,-0.11,-0.40516,27.07,"December 11, 15",-0.0040516,GLPI
2015-12-10,27.17,27.4,27.17,27.25,16.813051,628297,628100,0.08,0.29444,27.29,"December 10, 15",0.0029444,GLPI
2015-12-09,27.04,27.51,26.8,27.23,16.800714,571860,571900,0.19,0.70266,27.27,"December 09, 15",0.0070266,GLPI
2015-12-08,27.06,27.46,27.06,27.145,16.748268,695292,695300,0.085,0.31412,27.16,"December 08, 15",0.0031412,GLPI
2015-12-07,27.17,27.34,26.84,27.15,16.751352,1426981,1427000,-0.02,-0.0736106,27.16,"December 07, 15",-0.000736106,GLPI
2015-12-04,27.15,27.52,27.15,27.37,16.887091,651683,651400,0.22,0.81031,27.33,"December 04, 15",0.0081031,GLPI
2015-12-03,27.48,27.72,27.075,27.32,16.856241,799193,799200,-0.16,-0.58224,27.34,"December 03, 15",-0.0058224,GLPI
2015-12-02,27.45,27.69,27.26,27.44,16.930281,1009433,1009400,-0.01,-0.03642987,27.49,"December 02, 15",-0.0003642987,GLPI
2015-12-01,27.19,27.62,27.19,27.51,16.973471,575891,575900,0.32,1.18,27.45,"December 01, 15",0.0118,GLPI
2015-11-30,27.35,27.55,27.1395,27.19,16.776035,1230420,1230400,-0.16,-0.58501,27.22,"November 30, 15",-0.0058501,GLPI
2015-11-27,27.03,27.3,27.01,27.23,16.800714,205013,205000,0.2,0.73992,27.16,"November 27, 15",0.0073992,GLPI
2015-11-25,27.41,27.84,27.39,27.63,16.71125,354765,354800,0.22,0.80263,27.63,"November 25, 15",0.0080263,GLPI
2015-11-24,27.26,27.49,27.11,27.37,16.553997,303056,303100,0.11,0.40352,27.35,"November 24, 15",0.0040352,GLPI
2015-11-23,27.46,27.76,27.33,27.4,16.572134,431992,431800,-0.06,-0.2185,27.51,"November 23, 15",-0.002185,GLPI
2015-11-20,27.55,27.77,27.31,27.43,16.590284,359862,359900,-0.12,-0.43557,27.47,"November 20, 15",-0.0043557,GLPI
2015-11-19,27.82,27.99,27.49,27.49,16.626575,471775,471800,-0.33,-1.19,27.63,"November 19, 15",-0.0119,GLPI
2015-11-18,27.66,27.83,27.33,27.81,16.820116,705229,705200,0.15,0.5423,27.67,"November 18, 15",0.005423,GLPI
2015-11-17,27.58,27.84,27.43,27.61,16.699152,1004468,1003600,0.03,0.10877,27.55,"November 17, 15",0.0010877,GLPI
2015-11-16,27.64,27.82,27.42,27.59,16.68705,744794,744800,-0.05,-0.1809,27.51,"November 16, 15",-0.001809,GLPI
2015-11-13,27.88,28.02,27.52,27.67,16.735439,536766,536800,-0.21,-0.75323,27.75,"November 13, 15",-0.0075323,GLPI
2015-11-12,28.01,28.14,27.81,27.91,16.880596,600540,600500,-0.1,-0.35702,27.97,"November 12, 15",-0.0035702,GLPI
2015-11-11,28.33,28.61,28.1,28.13,17.013662,591375,590300,-0.2,-0.70597,28.19,"November 11, 15",-0.0070597,GLPI
2015-11-10,28.77,29.0,28.25,28.31,17.122524,477994,478000,-0.46,-1.6,28.46,"November 10, 15",-0.016,GLPI
2015-11-09,28.95,29.01,28.46,28.75,17.388649,1262867,1262300,-0.2,-0.69085,28.72,"November 09, 15",-0.0069085,GLPI
2015-11-06,29.2,29.22,28.84,29.02,17.551952,727718,727200,-0.18,-0.61644,28.98,"November 06, 15",-0.0061644,GLPI
2015-11-05,29.27,29.4899,29.04,29.35,17.751541,401611,400500,0.08,0.27332,29.22,"November 05, 15",0.0027332,GLPI
2015-11-04,29.37,29.38,29.1,29.23,17.678965,625717,625700,-0.14,-0.47668,29.21,"November 04, 15",-0.0047668,GLPI
2015-11-03,29.48,29.49,29.23,29.41,17.787834,468627,468600,-0.07,-0.23745,29.35,"November 03, 15",-0.0023745,GLPI
2015-11-02,29.26,29.67,29.1,29.55,17.872511,738562,738600,0.29,0.99111,29.39,"November 02, 15",0.0099111,GLPI
2015-10-30,28.75,29.24,28.29,29.17,17.642673,1062130,1062100,0.42,1.46,28.9,"October 30, 15",0.0146,GLPI
2015-10-29,29.6,29.65,28.68,28.84,17.443081,1498040,1498000,-0.76,-2.57,29.0,"October 29, 15",-0.0257,GLPI
2015-10-28,29.85,30.27,29.51,29.99,18.13863,529467,529500,0.14,0.46901,30.02,"October 28, 15",0.0046901,GLPI
2015-10-27,29.87,29.921,29.65,29.83,18.041859,413407,413400,-0.04,-0.13391,29.76,"October 27, 15",-0.0013391,GLPI
2015-10-26,30.24,30.31,29.87,29.95,18.114435,357344,357300,-0.29,-0.95899,30.0,"October 26, 15",-0.0095899,GLPI
2015-10-23,30.2,30.38,29.93,30.17,18.247496,456051,456100,-0.03,-0.09933775,30.26,"October 23, 15",-0.0009933775,GLPI
2015-10-22,30.11,30.53,29.84,30.09,18.199114,618089,618100,-0.02,-0.06642312,30.21,"October 22, 15",-0.0006642312,GLPI
2015-10-21,30.5,30.72,29.88,30.0,18.144674,667547,640400,-0.5,-1.64,30.16,"October 21, 15",-0.0164,GLPI
2015-10-20,30.08,30.56,29.85,30.44,18.410797,715939,715900,0.36,1.2,30.25,"October 20, 15",0.012,GLPI
2015-10-19,30.14,30.28,29.89,30.06,18.180969,615286,615300,-0.08,-0.26543,30.05,"October 19, 15",-0.0026543,GLPI
2015-10-16,30.94,31.02,30.1,30.32,18.338221,1031095,1030400,-0.62,-2.0,30.64,"October 16, 15",-0.02,GLPI
2015-10-15,30.5,31.0,30.19,30.95,18.719259,436939,436900,0.45,1.48,30.69,"October 15, 15",0.0148,GLPI
2015-10-14,30.58,30.68,30.25,30.37,18.368464,288820,288800,-0.21,-0.68672,30.45,"October 14, 15",-0.0068672,GLPI
2015-10-13,30.71,30.792,30.39,30.56,18.483379,344073,344100,-0.15,-0.48844,30.6,"October 13, 15",-0.0048844,GLPI
2015-10-12,31.0,31.15,30.6425,30.92,18.701117,366760,366500,-0.08,-0.25806,30.91,"October 12, 15",-0.0025806,GLPI
2015-10-09,30.91,31.0,30.5,30.98,18.737404,302182,302200,0.07,0.22646,30.9,"October 09, 15",0.0022646,GLPI
2015-10-08,30.21,30.95,30.07,30.79,18.622486,464500,464500,0.58,1.92,30.73,"October 08, 15",0.0192,GLPI
2015-10-07,30.5,30.7,29.78,30.31,18.33217,774027,773200,-0.19,-0.62295,30.2,"October 07, 15",-0.0062295,GLPI
2015-10-06,30.89,30.89,29.54,30.46,18.422894,814860,814500,-0.43,-1.39,30.21,"October 06, 15",-0.0139,GLPI
2015-10-05,30.25,30.92,30.1,30.8,18.628536,909551,909600,0.55,1.82,30.7,"October 05, 15",0.0182,GLPI
2015-10-02,29.81,30.13,29.63,30.09,18.199114,389975,390000,0.28,0.93928,29.91,"October 02, 15",0.0093928,GLPI
2015-10-01,29.72,29.91,29.41,29.91,18.090246,617934,617900,0.19,0.6393,29.71,"October 01, 15",0.006393,GLPI
2015-09-30,28.91,29.82,28.82,29.7,17.96323,728463,727400,0.79,2.73,29.54,"September 30, 15",0.0273,GLPI
2015-09-29,29.22,29.22,28.5,28.68,17.346313,1113582,1113600,-0.54,-1.85,28.82,"September 29, 15",-0.0185,GLPI
2015-09-28,30.38,30.39,29.12,29.16,17.636627,596763,596800,-1.22,-4.02,29.49,"September 28, 15",-0.0402,GLPI
2015-09-25,30.38,30.59,30.03,30.45,18.416849,395950,396000,0.07,0.23041,30.43,"September 25, 15",0.0023041,GLPI
2015-09-24,29.94,30.16,29.67,30.08,18.193064,681668,681700,0.14,0.4676,29.97,"September 24, 15",0.004676,GLPI
2015-09-23,30.38,30.62,29.95,30.04,18.168873,375371,374600,-0.34,-1.12,30.19,"September 23, 15",-0.0112,GLPI
2015-09-22,31.04,31.16,30.19,30.31,18.33217,1034832,1034800,-0.73,-2.35,30.74,"September 22, 15",-0.0235,GLPI
2015-09-21,31.47,31.55,31.18,31.29,18.924898,453837,453700,-0.18,-0.57197,31.36,"September 21, 15",-0.0057197,GLPI
2015-09-18,31.2,31.48,31.02,31.43,19.009573,1347910,1347900,0.23,0.73718,31.34,"September 18, 15",0.0073718,GLPI
2015-09-17,31.2,31.7,31.05,31.33,18.949093,663509,663500,0.13,0.41667,31.36,"September 17, 15",0.0041667,GLPI
2015-09-16,30.91,31.44,30.66,31.21,18.876513,810637,810600,0.3,0.97056,30.98,"September 16, 15",0.0097056,GLPI
2015-09-15,30.38,31.02,30.14,30.93,18.707165,636346,636300,0.55,1.81,30.81,"September 15, 15",0.0181,GLPI
2015-09-14,30.13,30.37,29.91,30.35,18.356365,394810,394800,0.22,0.73017,30.25,"September 14, 15",0.0073017,GLPI
2015-09-11,29.6,30.03,29.6,30.01,18.150728,479465,479500,0.41,1.39,29.89,"September 11, 15",0.0139,GLPI
2015-09-10,29.79,29.98,29.53,29.66,17.939037,496840,496800,-0.13,-0.43639,29.74,"September 10, 15",-0.0043639,GLPI
2015-09-09,31.0,31.0,30.3,30.33,18.014643,496193,496200,-0.67,-2.16,30.49,"September 09, 15",-0.0216,GLPI
2015-09-08,30.81,30.93,30.41,30.82,18.305679,477830,477000,0.01,0.03245699,30.67,"September 08, 15",0.0003245699,GLPI
2015-09-04,30.98,30.98,30.33,30.61,18.180952,579933,579900,-0.37,-1.19,30.62,"September 04, 15",-0.0119,GLPI
2015-09-03,30.73,31.05,30.67,30.96,18.388832,411936,411900,0.23,0.74845,30.87,"September 03, 15",0.0074845,GLPI
2015-09-02,30.7,30.998,30.53,30.82,18.305679,570242,570200,0.12,0.39088,30.81,"September 02, 15",0.0039088,GLPI
2015-09-01,30.68,31.08,30.225,30.53,18.13343,961808,961800,-0.15,-0.48892,30.62,"September 01, 15",-0.0048892,GLPI
2015-08-31,31.47,31.61,30.895,30.94,18.376949,544460,544200,-0.53,-1.68,31.04,"August 31, 15",-0.0168,GLPI
2015-08-28,31.34,31.68,31.255,31.58,18.757084,564120,564100,0.24,0.76579,31.52,"August 28, 15",0.0076579,GLPI
2015-08-27,31.5,31.65,30.92,31.4,18.650171,840930,840900,-0.1,-0.31746,31.45,"August 27, 15",-0.0031746,GLPI
2015-08-26,31.11,31.42,30.75,31.39,18.64423,1059750,1059800,0.28,0.90003,31.13,"August 26, 15",0.0090003,GLPI
2015-08-25,31.27,31.49,30.58,30.87,18.335375,978301,978300,-0.4,-1.28,31.13,"August 25, 15",-0.0128,GLPI
2015-08-24,30.82,31.3,29.95,30.67,18.216585,1402251,1402300,-0.15,-0.4867,30.88,"August 24, 15",-0.004867,GLPI
2015-08-21,32.02,32.3,31.63,31.63,18.786781,1007059,1007100,-0.39,-1.22,31.94,"August 21, 15",-0.0122,GLPI
2015-08-20,33.14,33.15,32.46,32.47,19.2857,703312,703300,-0.67,-2.02,32.67,"August 20, 15",-0.0202,GLPI
2015-08-19,33.63,33.63,33.18,33.31,19.784628,776521,776500,-0.32,-0.95153,33.32,"August 19, 15",-0.0095153,GLPI
2015-08-18,33.42,33.77,33.41,33.55,19.927177,473356,472900,0.13,0.38899,33.63,"August 18, 15",0.0038899,GLPI
2015-08-17,33.08,33.57,32.91,33.53,19.915297,538991,539000,0.45,1.36,33.42,"August 17, 15",0.0136,GLPI
2015-08-14,32.99,33.31,32.7,33.18,19.707411,391025,391000,0.19,0.57593,33.16,"August 14, 15",0.0057593,GLPI
2015-08-13,33.11,33.11,32.525,32.97,19.58268,385241,385200,-0.14,-0.42283,32.92,"August 13, 15",-0.0042283,GLPI
2015-08-12,32.93,33.18,32.51,33.02,19.612377,486276,486200,0.09,0.27331,32.85,"August 12, 15",0.0027331,GLPI
2015-08-11,32.75,33.24,32.45,33.15,19.689594,1331991,1332000,0.4,1.22,32.91,"August 11, 15",0.0122,GLPI
2015-08-10,32.96,33.21,32.63,32.74,19.446075,442720,442000,-0.22,-0.66748,32.84,"August 10, 15",-0.0066748,GLPI
2015-08-07,32.87,33.23,32.69,32.95,19.570801,392926,392700,0.08,0.24338,32.91,"August 07, 15",0.0024338,GLPI
2015-08-06,33.3,33.3,32.6,33.07,19.642078,585784,585800,-0.23,-0.69069,32.94,"August 06, 15",-0.0069069,GLPI
2015-08-05,33.33,33.43,33.07,33.16,19.695528,544413,544400,-0.17,-0.51005,33.22,"August 05, 15",-0.0051005,GLPI
2015-08-04,33.26,33.45,32.99,33.19,19.713354,548790,548800,-0.07,-0.21046,33.18,"August 04, 15",-0.0021046,GLPI
2015-08-03,32.99,33.24,32.78,33.18,19.707411,730363,730100,0.19,0.57593,33.07,"August 03, 15",0.0057593,GLPI
2015-07-31,33.42,33.44,32.49,32.75,19.452013,916540,916500,-0.67,-2.0,32.82,"July 31, 15",-0.02,GLPI
2015-07-30,33.5,33.99,32.47,33.35,19.808386,1771627,1771100,-0.15,-0.44776,33.28,"July 30, 15",-0.0044776,GLPI
2015-07-29,33.44,33.77,33.14,33.15,19.689594,1514390,1513400,-0.29,-0.86722,33.29,"July 29, 15",-0.0086722,GLPI
2015-07-28,33.63,33.82,33.38,33.47,19.87966,836495,836500,-0.16,-0.47577,33.56,"July 28, 15",-0.0047577,GLPI
2015-07-27,32.42,33.81,32.37,33.55,19.927177,794464,794500,1.13,3.49,33.47,"July 27, 15",0.0349,GLPI
2015-07-24,34.34,34.5,33.74,33.84,20.099421,433512,433500,-0.5,-1.46,33.97,"July 24, 15",-0.0146,GLPI
2015-07-23,34.79,35.02,33.94,34.23,20.33106,1316316,1315600,-0.56,-1.61,34.23,"July 23, 15",-0.0161,GLPI
2015-07-22,35.0,35.26,34.44,34.86,20.705256,921082,921100,-0.14,-0.4,34.84,"July 22, 15",-0.004,GLPI
2015-07-21,36.12,36.16,35.03,35.16,20.883444,2276136,2276100,-0.96,-2.66,35.34,"July 21, 15",-0.0266,GLPI
2015-07-20,35.09,35.11,34.75,34.77,20.651798,262367,262400,-0.32,-0.91194,34.89,"July 20, 15",-0.0091194,GLPI
2015-07-17,35.11,35.25,34.73,34.86,20.705256,358789,358800,-0.25,-0.71205,34.86,"July 17, 15",-0.0071205,GLPI
2015-07-16,34.93,35.215,34.86,35.18,20.895317,617586,616700,0.25,0.71572,35.06,"July 16, 15",0.0071572,GLPI
2015-07-15,35.01,35.14,34.67,34.82,20.681499,431108,430400,-0.19,-0.5427,34.81,"July 15, 15",-0.005427,GLPI
2015-07-14,34.97,35.28,34.85,35.0,20.788408,531979,532000,0.03,0.08578782,35.07,"July 14, 15",0.0008578782,GLPI
2015-07-13,35.87,36.07,35.03,35.06,20.824045,653532,653500,-0.81,-2.26,35.3,"July 13, 15",-0.0226,GLPI
2015-07-10,35.24,35.57,35.0,35.49,21.079443,916853,916900,0.25,0.70942,35.36,"July 10, 15",0.0070942,GLPI
2015-07-09,35.1,35.57,34.79,35.03,20.806223,525648,525400,-0.07,-0.19943,34.98,"July 09, 15",-0.0019943,GLPI
2015-07-08,35.47,35.76,34.84,35.11,20.853741,1192467,1192500,-0.36,-1.01,35.13,"July 08, 15",-0.0101,GLPI
2015-07-07,36.25,36.25,35.06,35.72,21.216061,1736788,1736800,-0.53,-1.46,35.44,"July 07, 15",-0.0146,GLPI
2015-07-06,36.31,36.78,36.26,36.67,21.780312,333510,332800,0.36,0.99146,36.58,"July 06, 15",0.0099146,GLPI
2015-07-02,36.73,36.835,36.32,36.65,21.768435,528558,528100,-0.08,-0.21781,36.53,"July 02, 15",-0.0021781,GLPI
2015-07-01,36.94,37.23,36.6,36.76,21.833773,765024,765000,-0.18,-0.48728,36.83,"July 01, 15",-0.0048728,GLPI
2015-06-30,36.67,37.03,36.45,36.66,21.774374,627991,626000,-0.01,-0.02727025,36.6,"June 30, 15",-0.0002727025,GLPI
2015-06-29,37.25,37.32,36.445,36.5,21.679338,473560,473600,-0.75,-2.01,36.72,"June 29, 15",-0.0201,GLPI
2015-06-26,37.58,37.6,37.01,37.35,22.184196,731942,731900,-0.23,-0.61203,37.29,"June 26, 15",-0.0061203,GLPI
2015-06-25,37.38,37.54,37.205,37.4,22.213903,292940,292900,0.02,0.05350455,37.34,"June 25, 15",0.0005350455,GLPI
2015-06-24,37.41,37.59,37.25,37.39,22.207962,355596,355600,-0.02,-0.05346164,37.41,"June 24, 15",-0.0005346164,GLPI
2015-06-23,37.63,37.71,37.2,37.47,22.255478,435058,435100,-0.16,-0.42519,37.35,"June 23, 15",-0.0042519,GLPI
2015-06-22,38.28,38.28,37.47,37.53,22.291111,585284,584500,-0.75,-1.96,37.73,"June 22, 15",-0.0196,GLPI
2015-06-19,37.55,38.3,37.17,38.18,22.677183,3381949,3383300,0.63,1.68,38.08,"June 19, 15",0.0168,GLPI
2015-06-18,37.27,37.55,37.14,37.39,22.207962,534872,534000,0.12,0.32197,37.43,"June 18, 15",0.0032197,GLPI
2015-06-17,36.65,37.09,36.45,37.08,22.023834,543695,543700,0.43,1.17,36.84,"June 17, 15",0.0117,GLPI
2015-06-16,36.87,37.072,36.51,36.57,21.720919,441078,441100,-0.3,-0.81367,36.7,"June 16, 15",-0.0081367,GLPI
2015-06-15,36.79,37.05,36.47,36.9,21.916922,394003,394000,0.11,0.29899,36.86,"June 15, 15",0.0029899,GLPI
2015-06-12,36.47,36.96,36.33,36.84,21.881283,402862,402900,0.37,1.01,36.65,"June 12, 15",0.0101,GLPI
2015-06-11,36.5,36.5,36.06,36.48,21.667459,534846,534800,-0.02,-0.05479452,36.34,"June 11, 15",-0.0005479452,GLPI
2015-06-10,35.78,36.53,35.5,36.36,21.596186,656610,656600,0.58,1.62,36.3,"June 10, 15",0.0162,GLPI
2015-06-09,35.77,35.98,35.52,35.61,21.150724,467058,467100,-0.16,-0.4473,35.72,"June 09, 15",-0.004473,GLPI
2015-06-08,36.54,36.595,36.18,36.36,21.272482,481086,481100,-0.18,-0.49261,36.4,"June 08, 15",-0.0049261,GLPI
2015-06-05,36.45,37.35,36.41,36.55,21.38364,814654,814700,0.1,0.27435,36.79,"June 05, 15",0.0027435,GLPI
2015-06-04,36.5,37.17,36.48,36.48,21.342686,375079,374700,-0.02,-0.05479452,36.76,"June 04, 15",-0.0005479452,GLPI
2015-06-03,37.02,37.06,36.5,36.62,21.424597,321973,321500,-0.4,-1.08,36.65,"June 03, 15",-0.0108,GLPI
2015-06-02,36.71,37.02,36.58,36.95,21.617659,833588,833000,0.24,0.65377,36.91,"June 02, 15",0.0065377,GLPI
2015-06-01,36.74,37.03,36.51,36.8,21.5299,377593,377600,0.06,0.16331,36.79,"June 01, 15",0.0016331,GLPI
2015-05-29,37.18,37.18,36.52,36.6,21.412893,486288,486300,-0.58,-1.56,36.65,"May 29, 15",-0.0156,GLPI
2015-05-28,37.28,37.28,36.76,37.14,21.728825,287082,287100,-0.14,-0.37554,37.03,"May 28, 15",-0.0037554,GLPI
2015-05-27,36.61,37.34,36.21,37.24,21.787323,471564,471600,0.63,1.72,36.96,"May 27, 15",0.0172,GLPI
2015-05-26,36.87,36.96,36.5,36.68,21.459698,363318,363300,-0.19,-0.51532,36.73,"May 26, 15",-0.0051532,GLPI
2015-05-22,37.02,37.3,36.82,37.08,21.69372,451631,451600,0.06,0.16207,37.07,"May 22, 15",0.0016207,GLPI
2015-05-21,36.98,37.15,36.72,37.14,21.728825,349887,349900,0.16,0.43267,37.01,"May 21, 15",0.0043267,GLPI
2015-05-20,37.17,37.17,36.58,36.85,21.559156,239936,239900,-0.32,-0.86091,36.87,"May 20, 15",-0.0086091,GLPI
2015-05-19,37.19,37.41,36.95,37.17,21.746372,338835,338100,-0.02,-0.0537779,37.18,"May 19, 15",-0.000537779,GLPI
2015-05-18,36.96,37.05,36.61,37.02,21.658611,483974,484000,0.06,0.16234,36.82,"May 18, 15",0.0016234,GLPI
2015-05-15,36.84,37.24,36.59,37.01,21.652767,327346,327300,0.17,0.46145,37.05,"May 15, 15",0.0046145,GLPI
2015-05-14,36.45,36.81,36.45,36.73,21.488953,194578,194600,0.28,0.76818,36.69,"May 14, 15",0.0076818,GLPI
2015-05-13,36.56,36.73,36.38,36.43,21.313433,249787,249800,-0.13,-0.35558,36.49,"May 13, 15",-0.0035558,GLPI
2015-05-12,36.24,36.57,35.785,36.43,21.313433,254691,253800,0.19,0.52428,36.35,"May 12, 15",0.0052428,GLPI
2015-05-11,36.17,36.63,36.17,36.33,21.254929,362091,362100,0.16,0.44236,36.42,"May 11, 15",0.0044236,GLPI
2015-05-08,36.76,36.95,36.31,36.34,21.260778,409413,409400,-0.42,-1.14,36.63,"May 08, 15",-0.0114,GLPI
2015-05-07,36.24,36.64,36.02,36.49,21.348537,641497,641500,0.25,0.68985,36.49,"May 07, 15",0.0068985,GLPI
2015-05-06,36.56,36.75,36.24,36.36,21.272482,1099221,1098900,-0.2,-0.54705,36.44,"May 06, 15",-0.0054705,GLPI
2015-05-05,36.5,36.69,36.0,36.39,21.290031,828835,828800,-0.11,-0.30137,36.32,"May 05, 15",-0.0030137,GLPI
2015-05-04,36.33,37.22,36.28,36.68,21.459698,805941,805900,0.35,0.96339,36.72,"May 04, 15",0.0096339,GLPI
2015-05-01,35.7,36.005,35.61,35.69,20.880495,553078,553100,-0.01,-0.0280112,35.74,"May 01, 15",-0.000280112,GLPI
2015-04-30,36.21,36.35,35.69,35.7,20.886353,488006,488000,-0.51,-1.41,35.96,"April 30, 15",-0.0141,GLPI
2015-04-29,35.88,36.27,35.78,36.22,21.190575,361228,361200,0.34,0.9476,36.09,"April 29, 15",0.009476,GLPI
2015-04-28,36.1,36.385,36.06,36.24,21.202271,239303,239100,0.14,0.38781,36.27,"April 28, 15",0.0038781,GLPI
2015-04-27,36.65,36.68,36.02,36.17,21.16132,318623,318400,-0.48,-1.31,36.23,"April 27, 15",-0.0131,GLPI
2015-04-24,36.58,36.77,36.25,36.59,21.40704,489181,489200,0.01,0.02733734,36.48,"April 24, 15",0.0002733734,GLPI
2015-04-23,36.37,36.72,36.3,36.5,21.354387,536015,536000,0.13,0.35744,36.48,"April 23, 15",0.0035744,GLPI
2015-04-22,36.35,36.51,36.3,36.5,21.354387,341076,340800,0.15,0.41265,36.41,"April 22, 15",0.0041265,GLPI
2015-04-21,36.63,36.6799,36.32,36.37,21.27833,814997,815000,-0.26,-0.7098,36.53,"April 21, 15",-0.007098,GLPI
2015-04-20,36.6,36.6,36.28,36.45,21.325136,378206,378200,-0.15,-0.40984,36.42,"April 20, 15",-0.0040984,GLPI
2015-04-17,36.61,36.66,36.1,36.49,21.348537,568849,568800,-0.12,-0.32778,36.4,"April 17, 15",-0.0032778,GLPI
2015-04-16,36.52,36.61,35.946,36.6,21.412893,428080,427900,0.08,0.21906,36.43,"April 16, 15",0.0021906,GLPI
2015-04-15,36.52,37.1,35.71,36.46,21.330986,1043408,1043400,-0.06,-0.16429,36.48,"April 15, 15",-0.0016429,GLPI
2015-04-14,37.03,37.63,36.26,36.35,21.266632,1291523,1291500,-0.68,-1.84,36.75,"April 14, 15",-0.0184,GLPI
2015-04-13,36.74,36.94,36.54,36.88,21.576704,379186,378700,0.14,0.38106,36.79,"April 13, 15",0.0038106,GLPI
2015-04-10,36.64,37.1799,36.56,36.7,21.471399,416327,416300,0.06,0.16376,36.82,"April 10, 15",0.0016376,GLPI
2015-04-09,36.85,36.95,36.38,36.42,21.307581,480354,480400,-0.43,-1.17,36.49,"April 09, 15",-0.0117,GLPI
2015-04-08,36.73,36.9,36.44,36.75,21.50065,469324,469300,0.02,0.0544514,36.67,"April 08, 15",0.000544514,GLPI
2015-04-07,37.57,37.57,36.76,36.81,21.535759,350076,350100,-0.76,-2.02,36.99,"April 07, 15",-0.0202,GLPI
2015-04-06,37.25,37.63,36.9501,37.45,21.910191,484998,484800,0.2,0.53691,37.44,"April 06, 15",0.0053691,GLPI
2015-04-02,37.18,37.49,37.0,37.25,21.793175,287443,287400,0.07,0.18827,37.33,"April 02, 15",0.0018827,GLPI
2015-04-01,36.96,37.2023,36.62,37.1,21.70542,410151,410200,0.14,0.37879,36.95,"April 01, 15",0.0037879,GLPI
2015-03-31,37.0,37.06,36.64,36.87,21.570856,326948,326800,-0.13,-0.35135,36.92,"March 31, 15",-0.0035135,GLPI
2015-03-30,36.95,37.31,36.58,37.0,21.646915,647305,646200,0.05,0.13532,36.96,"March 30, 15",0.0013532,GLPI
2015-03-27,36.86,36.98,36.39,36.95,21.617659,808706,808600,0.09,0.24417,36.7,"March 27, 15",0.0024417,GLPI
2015-03-26,37.03,37.2,36.56,36.79,21.524057,429398,429400,-0.24,-0.64812,36.8,"March 26, 15",-0.0064812,GLPI
2015-03-25,37.13,37.31,36.84,37.15,21.734673,516556,516600,0.02,0.0538648,37.1,"March 25, 15",0.000538648,GLPI
2015-03-24,37.49,37.64,36.98,37.0,21.646915,569350,569400,-0.49,-1.31,37.15,"March 24, 15",-0.0131,GLPI
2015-03-23,37.5,37.85,37.38,37.47,21.92189,810833,810800,-0.03,-0.08,37.57,"March 23, 15",-0.0008,GLPI
2015-03-20,36.87,37.68,36.48,37.65,22.027199,949113,948400,0.78,2.12,37.33,"March 20, 15",0.0212,GLPI
2015-03-19,36.55,36.99,36.445,36.71,21.477255,565525,565500,0.16,0.43776,36.59,"March 19, 15",0.0043776,GLPI
2015-03-18,36.86,36.885,36.24,36.58,21.401196,677925,677900,-0.28,-0.75963,36.6,"March 18, 15",-0.0075963,GLPI
2015-03-17,35.87,36.53,35.54,36.42,21.307581,634363,634400,0.55,1.53,36.22,"March 17, 15",0.0153,GLPI
2015-03-16,36.13,36.14,35.77,36.06,21.096973,565071,565100,-0.07,-0.19374,36.01,"March 16, 15",-0.0019374,GLPI
2015-03-13,35.89,36.51,35.44,36.015,21.070637,678734,678700,0.125,0.34829,36.09,"March 13, 15",0.0034829,GLPI
2015-03-12,37.01,37.14,36.685,36.785,21.521128,591912,591900,-0.225,-0.60794,36.86,"March 12, 15",-0.0060794,GLPI
2015-03-11,36.53,36.79,36.1,36.62,21.424597,1117991,1117300,0.09,0.24637,36.49,"March 11, 15",0.0024637,GLPI
2015-03-10,36.25,36.96,35.81,36.45,21.325136,1504094,1504100,0.2,0.55172,36.36,"March 10, 15",0.0055172,GLPI
2015-03-09,34.5,36.55,34.12,36.43,21.313433,3479308,3479300,1.93,5.59,35.68,"March 09, 15",0.0559,GLPI
2015-03-06,32.84,32.99,32.05,32.37,18.938126,806068,806100,-0.47,-1.43,32.33,"March 06, 15",-0.0143,GLPI
2015-03-05,33.69,33.82,33.49,33.54,19.303785,704985,705000,-0.15,-0.44524,33.59,"March 05, 15",-0.0044524,GLPI
2015-03-04,33.77,33.97,33.48,33.61,19.344076,443557,443600,-0.16,-0.47379,33.6,"March 04, 15",-0.0047379,GLPI
2015-03-03,33.73,33.93,33.4976,33.76,19.430399,720185,720200,0.03,0.0889416,33.72,"March 03, 15",0.000889416,GLPI
2015-03-02,33.94,34.33,33.63,33.79,19.447664,321248,321100,-0.15,-0.44196,33.9,"March 02, 15",-0.0044196,GLPI
2015-02-27,33.38,33.93,33.34,33.85,19.482201,885058,885100,0.47,1.41,33.68,"February 27, 15",0.0141,GLPI
2015-02-26,33.7,33.73,33.52,33.57,19.321053,473336,473300,-0.13,-0.38576,33.65,"February 26, 15",-0.0038576,GLPI
2015-02-25,33.96,34.11,33.61,33.77,19.436159,559631,559600,-0.19,-0.55948,33.8,"February 25, 15",-0.0055948,GLPI
2015-02-24,33.99,33.99,33.51,33.85,19.482201,427812,427800,-0.14,-0.41189,33.84,"February 24, 15",-0.0041189,GLPI
2015-02-23,33.88,33.95,33.49,33.91,19.516733,380110,380100,0.03,0.08854782,33.69,"February 23, 15",0.0008854782,GLPI
2015-02-20,33.6,33.86,33.51,33.79,19.447664,389305,389300,0.19,0.56548,33.7,"February 20, 15",0.0056548,GLPI
2015-02-19,33.8,33.8,33.48,33.61,19.344076,364321,364300,-0.19,-0.56213,33.58,"February 19, 15",-0.0056213,GLPI
2015-02-18,33.58,34.03,33.33,33.87,19.49371,411908,411900,0.29,0.86361,33.76,"February 18, 15",0.0086361,GLPI
2015-02-17,33.52,33.71,33.3,33.5,19.280756,260538,259400,-0.02,-0.05966587,33.53,"February 17, 15",-0.0005966587,GLPI
2015-02-13,34.17,34.3499,33.53,33.57,19.321053,347195,347200,-0.6,-1.76,33.67,"February 13, 15",-0.0176,GLPI
2015-02-12,34.0,34.3475,33.89,34.13,19.643351,517096,517100,0.13,0.38235,34.05,"February 12, 15",0.0038235,GLPI
2015-02-11,33.53,33.87,33.35,33.85,19.482201,311415,322000,0.32,0.95437,33.62,"February 11, 15",0.0095437,GLPI
2015-02-10,33.56,33.66,33.133,33.56,19.315294,406551,406600,0.0,0.0,33.44,"February 10, 15",0.0,GLPI
2015-02-09,33.48,33.86,33.34,33.5,19.280756,699388,699400,0.02,0.05973716,33.59,"February 09, 15",0.0005973716,GLPI
2015-02-06,33.76,33.76,33.265,33.46,19.257738,683042,683000,-0.3,-0.88863,33.44,"February 06, 15",-0.0088863,GLPI
2015-02-05,33.7,33.93,33.55,33.6,19.338316,658160,658100,-0.1,-0.29674,33.7,"February 05, 15",-0.0029674,GLPI
2015-02-04,33.78,34.05,33.41,33.57,19.321053,846832,846800,-0.21,-0.62167,33.76,"February 04, 15",-0.0062167,GLPI
2015-02-03,32.84,34.0,32.57,33.74,19.418894,1635321,1635200,0.9,2.74,33.34,"February 03, 15",0.0274,GLPI
2015-02-02,32.75,33.0,32.36,32.95,18.964209,628029,628000,0.2,0.61069,32.75,"February 02, 15",0.0061069,GLPI
2015-01-30,32.42,33.19,32.2801,32.63,18.780033,426125,426100,0.21,0.64775,32.63,"January 30, 15",0.0064775,GLPI
2015-01-29,32.92,33.0,32.57,32.99,18.98723,702790,702800,0.07,0.21264,32.86,"January 29, 15",0.0021264,GLPI
2015-01-28,33.13,33.24,32.69,32.8,18.877876,770097,770100,-0.33,-0.99608,32.9,"January 28, 15",-0.0099608,GLPI
2015-01-27,32.19,33.065,32.042,32.97,18.975719,847027,847000,0.78,2.42,32.93,"January 27, 15",0.0242,GLPI
2015-01-26,32.59,32.78,32.47,32.65,18.791546,1351510,1351500,0.06,0.18411,32.65,"January 26, 15",0.0018411,GLPI
2015-01-23,32.45,32.57,32.05,32.47,18.687954,2675088,2672900,0.02,0.06163328,32.44,"January 23, 15",0.0006163328,GLPI
2015-01-22,32.22,32.48,32.08,32.44,18.670677,798451,798500,0.22,0.68281,32.31,"January 22, 15",0.0068281,GLPI
2015-01-21,32.0,32.37,31.84,32.02,18.428949,531755,531700,0.02,0.0625,32.13,"January 21, 15",0.000625,GLPI
2015-01-20,32.31,32.3499,31.7,31.92,18.371403,436946,436900,-0.39,-1.21,31.85,"January 20, 15",-0.0121,GLPI
2015-01-16,32.04,32.44,31.81,32.21,18.538309,1376352,1376400,0.17,0.53059,32.19,"January 16, 15",0.0053059,GLPI
2015-01-15,31.69,32.21,31.59,31.94,18.382912,2623765,2623800,0.25,0.78889,31.98,"January 15, 15",0.0078889,GLPI
2015-01-14,31.35,31.72,31.14,31.68,18.233271,602455,602300,0.33,1.05,31.49,"January 14, 15",0.0105,GLPI
2015-01-13,31.16,31.5,31.1,31.43,18.089376,407211,406300,0.27,0.8665,31.37,"January 13, 15",0.008665,GLPI
2015-01-12,31.11,31.35,30.8,31.23,17.974276,458448,458000,0.12,0.38573,31.18,"January 12, 15",0.0038573,GLPI
2015-01-09,30.3,31.36,30.3,31.19,17.951246,1141952,1142000,0.89,2.94,30.96,"January 09, 15",0.0294,GLPI
2015-01-08,29.33,29.86,29.25,29.51,16.984337,1445991,1446000,0.18,0.61371,29.56,"January 08, 15",0.0061371,GLPI
2015-01-07,28.69,29.26,28.49,29.21,16.811672,845482,845400,0.52,1.81,29.0,"January 07, 15",0.0181,GLPI
2015-01-06,28.99,29.08,28.27,28.54,16.426058,1243990,1244000,-0.45,-1.55,28.69,"January 06, 15",-0.0155,GLPI
2015-01-05,29.58,29.58,28.86,28.97,16.673538,1343346,1343300,-0.61,-2.06,29.09,"January 05, 15",-0.0206,GLPI
2015-01-02,29.51,29.72,29.26,29.69,17.087933,480013,480000,0.18,0.60996,29.47,"January 02, 15",0.0060996,GLPI
2014-12-31,29.48,29.64,29.26,29.34,16.886488,396247,396200,-0.14,-0.4749,29.44,"December 31, 14",-0.004749,GLPI
2014-12-30,29.81,29.83,29.3235,29.5,16.978579,401365,401400,-0.31,-1.04,29.5,"December 30, 14",-0.0104,GLPI
2014-12-29,29.62,30.06,29.43,29.82,17.162754,364765,362400,0.2,0.67522,29.84,"December 29, 14",0.0067522,GLPI
2014-12-26,29.64,29.69,29.37,29.62,17.047644,292740,292700,-0.02,-0.06747638,29.6,"December 26, 14",-0.0006747638,GLPI
2014-12-24,29.63,29.74,29.47,29.54,17.001596,431395,431400,-0.09,-0.30375,29.53,"December 24, 14",-0.0030375,GLPI
2014-12-23,29.52,29.75,29.4,29.61,17.041891,330927,330600,0.09,0.30488,29.62,"December 23, 14",0.0030488,GLPI
2014-12-22,28.99,29.52,28.8641,29.495,16.975704,687699,684100,0.505,1.74,29.31,"December 22, 14",0.0174,GLPI
2014-12-19,29.0,29.0799,28.7519,29.03,16.708076,1648289,1648300,0.03,0.10345,28.96,"December 19, 14",0.0010345,GLPI
2014-12-18,29.0,29.33,28.67,28.94,16.656271,500476,500900,-0.06,-0.2069,28.86,"December 18, 14",-0.002069,GLPI
2014-12-17,28.23,28.915,28.16,28.91,16.639009,637043,636300,0.68,2.41,28.63,"December 17, 14",0.0241,GLPI
2014-12-16,28.1,28.35,27.655,28.22,16.241886,805498,805500,0.12,0.42705,28.15,"December 16, 14",0.0042705,GLPI
2014-12-15,28.68,28.89,28.01,28.16,16.207346,646063,645800,-0.52,-1.81,28.34,"December 15, 14",-0.0181,GLPI
2014-12-12,29.38,29.38,28.79,28.79,16.569944,729210,728700,-0.59,-2.01,28.98,"December 12, 14",-0.0201,GLPI
2014-12-11,29.46,29.71,29.39,29.39,16.915262,366005,366000,-0.07,-0.23761,29.5,"December 11, 14",-0.0023761,GLPI
2014-12-10,29.59,29.86,29.4,29.53,16.995846,647580,646000,-0.06,-0.20277,29.51,"December 10, 14",-0.0020277,GLPI
2014-12-09,29.78,30.0,29.51,29.73,17.110952,591551,589800,-0.05,-0.1679,29.73,"December 09, 14",-0.001679,GLPI
2014-12-08,30.27,30.55,29.8,30.03,17.283621,730656,728400,-0.24,-0.79286,29.97,"December 08, 14",-0.0079286,GLPI
2014-12-05,30.14,30.23,29.925,30.22,17.392969,779814,779800,0.08,0.26543,30.08,"December 05, 14",0.0026543,GLPI
2014-12-04,30.33,30.9,29.89,30.22,17.392969,572763,571000,-0.11,-0.36268,30.19,"December 04, 14",-0.0036268,GLPI
2014-12-03,30.55,30.74,30.3,30.34,17.462038,463564,462200,-0.21,-0.6874,30.46,"December 03, 14",-0.006874,GLPI
2014-12-02,31.12,31.12,30.61,30.68,17.657721,460182,460200,-0.44,-1.41,30.71,"December 02, 14",-0.0141,GLPI
2014-12-01,31.53,31.86,31.04,31.12,17.910965,430743,430700,-0.41,-1.3,31.31,"December 01, 14",-0.013,GLPI
2014-11-28,30.75,31.91,30.75,31.9,18.359882,595607,595600,1.15,3.74,31.71,"November 28, 14",0.0374,GLPI
2014-11-26,32.28,32.3,31.7,31.72,17.726789,783014,783000,-0.56,-1.73,31.93,"November 26, 14",-0.0173,GLPI
2014-11-25,32.52,32.58,32.16,32.26,18.028564,615197,615200,-0.26,-0.79951,32.28,"November 25, 14",-0.0079951,GLPI
2014-11-24,32.06,32.55,31.98,32.43,18.123575,701077,701100,0.37,1.15,32.37,"November 24, 14",0.0115,GLPI
2014-11-21,32.29,32.73,32.28,32.61,18.224163,430338,430300,0.32,0.99102,32.56,"November 21, 14",0.0099102,GLPI
2014-11-20,32.06,32.37,32.06,32.24,18.017395,517075,517100,0.18,0.56145,32.24,"November 20, 14",0.0056145,GLPI
2014-11-19,31.97,32.21,31.89,32.08,17.927975,917864,917900,0.11,0.34407,32.07,"November 19, 14",0.0034407,GLPI
2014-11-18,32.01,32.28,32.0,32.1,17.939152,357733,357700,0.09,0.28116,32.13,"November 18, 14",0.0028116,GLPI
2014-11-17,31.89,32.08,31.75,32.01,17.888853,502230,502200,0.12,0.37629,31.98,"November 17, 14",0.0037629,GLPI
2014-11-14,32.02,32.21,31.75,31.97,17.866505,763051,763100,-0.05,-0.15615,31.88,"November 14, 14",-0.0015615,GLPI
2014-11-13,31.89,32.32,31.7801,32.08,17.927975,467174,467200,0.19,0.5958,32.08,"November 13, 14",0.005958,GLPI
2014-11-12,31.85,32.1,31.76,31.78,17.760324,906186,906200,-0.07,-0.21978,31.85,"November 12, 14",-0.0021978,GLPI
2014-11-11,31.67,31.9,31.51,31.85,17.79944,722763,722800,0.18,0.56836,31.75,"November 11, 14",0.0056836,GLPI
2014-11-10,31.91,32.14,31.68,31.72,17.726789,432711,432700,-0.19,-0.59542,31.77,"November 10, 14",-0.0059542,GLPI
2014-11-07,31.69,32.16,31.626,31.97,17.866505,680345,680300,0.28,0.88356,31.93,"November 07, 14",0.0088356,GLPI
2014-11-06,31.63,31.81,31.5,31.63,17.676489,745117,745100,0.0,0.0,31.66,"November 06, 14",0.0,GLPI
2014-11-05,31.59,31.81,31.4,31.75,17.743553,744746,744700,0.16,0.50649,31.63,"November 05, 14",0.0050649,GLPI
2014-11-04,31.48,31.6,31.46,31.51,17.60943,813912,813900,0.03,0.0952986,31.53,"November 04, 14",0.000952986,GLPI
2014-11-03,31.17,31.58,31.14,31.41,17.553543,669882,669900,0.24,0.76997,31.44,"November 03, 14",0.0076997,GLPI
2014-10-31,31.36,31.66,31.04,31.25,17.464128,858183,858200,-0.11,-0.35077,31.26,"October 31, 14",-0.0035077,GLPI
2014-10-30,31.04,31.19,30.96,31.09,17.374712,1325523,1325500,0.05,0.16108,31.05,"October 30, 14",0.0016108,GLPI
2014-10-29,31.35,31.78,30.98,31.09,17.374712,838576,838600,-0.26,-0.82935,31.17,"October 29, 14",-0.0082935,GLPI
2014-10-28,32.3,32.3,31.0,31.46,17.581482,666286,666300,-0.84,-2.6,31.41,"October 28, 14",-0.026,GLPI
2014-10-27,31.89,32.35,31.81,32.34,18.073275,887180,887200,0.45,1.41,32.12,"October 27, 14",0.0141,GLPI
2014-10-24,32.08,32.1,31.75,31.98,17.872087,436760,436800,-0.1,-0.31172,31.97,"October 24, 14",-0.0031172,GLPI
2014-10-23,31.89,32.46,31.5901,32.01,17.888853,1459473,1459500,0.12,0.37629,32.07,"October 23, 14",0.0037629,GLPI
2014-10-22,31.97,32.17,31.51,31.7,17.715611,1173462,1173500,-0.27,-0.84454,31.98,"October 22, 14",-0.0084454,GLPI
2014-10-21,32.12,32.23,31.98,32.01,17.888853,484765,484800,-0.11,-0.34247,32.06,"October 21, 14",-0.0034247,GLPI
2014-10-20,31.63,32.16,31.41,32.15,17.967096,908152,908200,0.52,1.64,31.72,"October 20, 14",0.0164,GLPI
2014-10-17,31.66,31.97,31.41,31.58,17.64855,718772,718800,-0.08,-0.25268,31.64,"October 17, 14",-0.0025268,GLPI
2014-10-16,30.65,31.53,30.65,31.45,17.575901,690766,690800,0.8,2.61,31.28,"October 16, 14",0.0261,GLPI
2014-10-15,30.71,31.2,30.5,30.995,17.321619,1215201,1215200,0.285,0.92804,30.81,"October 15, 14",0.0092804,GLPI
2014-10-14,30.25,30.89,30.12,30.83,17.229412,781249,781200,0.58,1.92,30.61,"October 14, 14",0.0192,GLPI
2014-10-13,30.27,30.65,30.03,30.06,16.799095,511956,512000,-0.21,-0.69376,30.33,"October 13, 14",-0.0069376,GLPI
2014-10-10,29.88,30.5,29.74,30.2,16.877335,594259,594300,0.32,1.07,30.13,"October 10, 14",0.0107,GLPI
2014-10-09,30.21,30.31,29.73,29.94,16.732029,1485629,1485600,-0.27,-0.89374,29.98,"October 09, 14",-0.0089374,GLPI
2014-10-08,30.23,30.44,30.02,30.2,16.877335,1152370,1152400,-0.03,-0.09923917,30.24,"October 08, 14",-0.0009923917,GLPI
2014-10-07,30.9,30.94,30.155,30.26,16.910868,629418,629400,-0.64,-2.07,30.41,"October 07, 14",-0.0207,GLPI
2014-10-06,30.61,30.99,30.48,30.82,17.223825,377120,377100,0.21,0.68605,30.86,"October 06, 14",0.0068605,GLPI
2014-10-03,30.54,30.64,30.23,30.6,17.100878,1407857,1407900,0.06,0.19646,30.52,"October 03, 14",0.0019646,GLPI
2014-10-02,30.9,30.98,30.02,30.37,16.972336,987822,987800,-0.53,-1.72,30.36,"October 02, 14",-0.0172,GLPI
2014-10-01,30.87,31.28,30.73,30.94,17.290882,1936079,1936100,0.07,0.22676,30.94,"October 01, 14",0.0022676,GLPI
2014-09-30,31.24,31.24,30.76,30.9,17.268526,808857,808900,-0.34,-1.09,30.96,"September 30, 14",-0.0109,GLPI
2014-09-29,31.14,31.37,30.875,31.2,17.436182,620258,620300,0.06,0.19268,31.1,"September 29, 14",0.0019268,GLPI
2014-09-26,31.51,31.51,31.1,31.33,17.508833,1277922,1277900,-0.18,-0.57125,31.27,"September 26, 14",-0.0057125,GLPI
2014-09-25,31.42,31.54,31.305,31.39,17.54237,978784,978800,-0.03,-0.09548059,31.39,"September 25, 14",-0.0009548059,GLPI
2014-09-24,31.88,32.03,31.47,31.51,17.60943,440206,455200,-0.37,-1.16,31.64,"September 24, 14",-0.0116,GLPI
2014-09-23,31.51,32.02,31.44,31.8,17.771492,1033409,1033400,0.29,0.92034,31.82,"September 23, 14",0.0092034,GLPI
2014-09-22,31.82,31.82,31.12,31.5,17.603842,569731,569700,-0.32,-1.01,31.46,"September 22, 14",-0.0101,GLPI
2014-09-19,31.51,31.825,31.41,31.59,17.654139,4287246,4287200,0.08,0.25389,31.58,"September 19, 14",0.0025389,GLPI
2014-09-18,31.84,31.874,31.35,31.46,17.581482,828918,828900,-0.38,-1.19,31.51,"September 18, 14",-0.0119,GLPI
2014-09-17,31.4,31.75,31.34,31.67,17.698845,1243929,1243900,0.27,0.85987,31.6,"September 17, 14",0.0085987,GLPI
2014-09-16,31.35,31.59,31.19,31.43,17.564718,747035,747000,0.08,0.25518,31.46,"September 16, 14",0.0025518,GLPI
2014-09-15,31.26,31.79,31.11,31.55,17.631781,1422454,1422500,0.29,0.9277,31.55,"September 15, 14",0.009277,GLPI
2014-09-12,32.38,32.57,31.42,31.45,17.575901,1564338,1564300,-0.93,-2.87,31.87,"September 12, 14",-0.0287,GLPI
2014-09-11,32.7,32.83,32.315,32.4,18.10681,919184,919200,-0.3,-0.91743,32.46,"September 11, 14",-0.0091743,GLPI
2014-09-10,34.15,34.225,33.11,33.2,18.263288,1035765,1035800,-0.95,-2.78,33.39,"September 10, 14",-0.0278,GLPI
2014-09-09,33.8,34.36,33.8,34.28,18.857395,1030903,1030900,0.48,1.42,34.21,"September 09, 14",0.0142,GLPI
2014-09-08,33.5,34.13,33.3825,33.89,18.642859,3039713,3039700,0.39,1.16,33.74,"September 08, 14",0.0116,GLPI
2014-09-05,33.36,33.49,33.22,33.46,18.406311,689233,689200,0.1,0.29976,33.38,"September 05, 14",0.0029976,GLPI
2014-09-04,33.27,33.38,33.11,33.34,18.340296,777414,777400,0.07,0.2104,33.3,"September 04, 14",0.002104,GLPI
2014-09-03,33.46,33.46,33.13,33.22,18.274292,865044,865000,-0.24,-0.71727,33.27,"September 03, 14",-0.0071727,GLPI
2014-09-02,33.31,33.4899,33.11,33.36,18.351297,1666772,1666800,0.05,0.15011,33.32,"September 02, 14",0.0015011,GLPI
2014-08-29,33.29,33.44,33.11,33.3,18.318295,686612,686600,0.01,0.03003905,33.31,"August 29, 14",0.0003003905,GLPI
2014-08-28,33.4,33.49,33.162,33.34,18.340296,446599,446600,-0.06,-0.17964,33.28,"August 28, 14",-0.0017964,GLPI
2014-08-27,33.75,33.81,33.4,33.46,18.406311,1299504,1299500,-0.29,-0.85926,33.56,"August 27, 14",-0.0085926,GLPI
2014-08-26,33.53,33.7,33.48,33.59,18.477827,175317,175300,0.06,0.17894,33.61,"August 26, 14",0.0017894,GLPI
2014-08-25,33.46,33.56,33.2701,33.51,18.433817,402857,402900,0.05,0.14943,33.43,"August 25, 14",0.0014943,GLPI
2014-08-22,33.4,33.62,33.12,33.26,18.296288,455493,455500,-0.14,-0.41916,33.29,"August 22, 14",-0.0041916,GLPI
2014-08-21,33.79,33.96,33.34,33.39,18.367804,627739,627700,-0.4,-1.18,33.63,"August 21, 14",-0.0118,GLPI
2014-08-20,33.58,34.0,33.55,33.68,18.52733,914070,914100,0.1,0.2978,33.81,"August 20, 14",0.002978,GLPI
2014-08-19,34.29,34.475,33.95,34.0,18.703363,700513,700500,-0.29,-0.84573,34.07,"August 19, 14",-0.0084573,GLPI
2014-08-18,34.56,34.64,34.2,34.28,18.857395,625412,625400,-0.28,-0.81019,34.36,"August 18, 14",-0.0081019,GLPI
2014-08-15,34.19,34.47,34.06,34.44,18.945406,412718,412700,0.25,0.73121,34.27,"August 15, 14",0.0073121,GLPI
2014-08-14,34.1,34.36,33.91,34.14,18.780384,303085,303100,0.04,0.1173,34.22,"August 14, 14",0.001173,GLPI
2014-08-13,33.62,34.06,33.57,34.06,18.736372,324093,324100,0.44,1.31,33.87,"August 13, 14",0.0131,GLPI
2014-08-12,33.36,33.66,33.3,33.52,18.439322,336723,338300,0.16,0.47962,33.47,"August 12, 14",0.0047962,GLPI
2014-08-11,33.56,33.56,33.07,33.33,18.334801,339751,339700,-0.23,-0.68534,33.24,"August 11, 14",-0.0068534,GLPI
2014-08-08,33.42,33.42,32.8,33.2,18.263288,520422,520400,-0.22,-0.65829,33.13,"August 08, 14",-0.0065829,GLPI
2014-08-07,33.31,33.9,33.155,33.27,18.30179,540741,540700,-0.04,-0.12008,33.4,"August 07, 14",-0.0012008,GLPI
2014-08-06,33.61,33.63,33.02,33.26,18.296288,461614,461600,-0.35,-1.04,33.28,"August 06, 14",-0.0104,GLPI
2014-08-05,34.23,34.45,33.51,33.64,18.505325,751048,750000,-0.59,-1.72,34.05,"August 05, 14",-0.0172,GLPI
2014-08-04,34.27,34.31,33.77,34.23,18.829889,438664,438700,-0.04,-0.11672,34.14,"August 04, 14",-0.0011672,GLPI
2014-08-01,33.7,34.15,33.68,33.78,18.582346,1568681,1568700,0.08,0.23739,33.8,"August 01, 14",0.0023739,GLPI
2014-07-31,34.0,34.29,33.4425,33.67,18.521835,1328368,1328400,-0.33,-0.97059,33.87,"July 31, 14",-0.0097059,GLPI
2014-07-30,34.58,35.02,33.98,34.09,18.752876,1120214,1120200,-0.49,-1.42,34.25,"July 30, 14",-0.0142,GLPI
2014-07-29,35.5,35.52,34.32,34.45,18.950907,1122808,1122800,-1.05,-2.96,34.83,"July 29, 14",-0.0296,GLPI
2014-07-28,35.45,35.5,34.61,34.65,19.060932,1302390,1302400,-0.8,-2.26,35.1,"July 28, 14",-0.0226,GLPI
2014-07-25,35.02,35.09,34.8,34.86,19.176455,511192,507800,-0.16,-0.45688,34.92,"July 25, 14",-0.0045688,GLPI
2014-07-24,36.0,36.25,34.985,35.06,19.286467,511201,511200,-0.94,-2.61,35.42,"July 24, 14",-0.0261,GLPI
2014-07-23,35.9,35.91,35.4,35.84,19.715549,499795,499800,-0.06,-0.16713,35.66,"July 23, 14",-0.0016713,GLPI
2014-07-22,35.15,35.93,34.78,35.875,19.734804,3417835,3417800,0.725,2.06,35.25,"July 22, 14",0.0206,GLPI
2014-07-21,35.0,35.145,34.92,34.99,19.247969,451651,451700,-0.01,-0.02857143,34.99,"July 21, 14",-0.0002857143,GLPI
2014-07-18,35.13,35.28,35.0,35.1,19.30847,385360,385400,-0.03,-0.0853971,35.13,"July 18, 14",-0.000853971,GLPI
2014-07-17,35.0,35.18,34.9,34.98,19.242462,647662,647700,-0.02,-0.05714286,35.0,"July 17, 14",-0.0005714286,GLPI
2014-07-16,34.89,35.11,34.58,34.98,19.242462,853974,854000,0.09,0.25795,34.94,"July 16, 14",0.0025795,GLPI
2014-07-15,34.86,35.05,34.52,34.8,19.143446,711162,711200,-0.06,-0.17212,34.76,"July 15, 14",-0.0017212,GLPI
2014-07-14,35.67,35.75,34.65,34.79,19.137945,803756,803800,-0.88,-2.47,35.09,"July 14, 14",-0.0247,GLPI
2014-07-11,35.06,35.68,34.79,35.61,19.589027,1401413,1401400,0.55,1.57,35.29,"July 11, 14",0.0157,GLPI
2014-07-10,35.3,35.985,35.2001,35.73,19.655035,545198,545200,0.43,1.22,35.75,"July 10, 14",0.0122,GLPI
2014-07-09,35.7,35.91,35.22,35.59,19.57802,856303,856300,-0.11,-0.30812,35.61,"July 09, 14",-0.0030812,GLPI
2014-07-08,35.38,35.6999,35.18,35.56,19.561523,491856,491900,0.18,0.50876,35.39,"July 08, 14",0.0050876,GLPI
2014-07-07,35.44,35.69,35.2,35.49,19.52301,567660,567700,0.05,0.14108,35.48,"July 07, 14",0.0014108,GLPI
2014-07-03,35.83,36.03,35.27,35.56,19.561523,398711,398700,-0.27,-0.75356,35.55,"July 03, 14",-0.0075356,GLPI
2014-07-02,36.0,36.44,35.555,35.72,19.649534,1890364,1890400,-0.28,-0.77778,35.76,"July 02, 14",-0.0077778,GLPI
2014-07-01,34.15,35.03,33.94,34.9,19.198452,2256266,2256300,0.75,2.2,34.43,"July 01, 14",0.022,GLPI
2014-06-30,33.38,34.45,33.01,33.97,18.686861,2123389,2123400,0.59,1.77,33.71,"June 30, 14",0.0177,GLPI
2014-06-27,33.08,33.31,32.685,33.23,18.279793,1673608,1673600,0.15,0.45345,33.23,"June 27, 14",0.0045345,GLPI
2014-06-26,33.14,33.31,32.82,33.03,18.169771,495210,495200,-0.11,-0.33193,33.12,"June 26, 14",-0.0033193,GLPI
2014-06-25,33.14,33.36,33.12,33.24,18.285294,631905,631900,0.1,0.30175,33.22,"June 25, 14",0.0030175,GLPI
2014-06-24,33.09,33.25,33.09,33.22,18.274292,911046,911000,0.13,0.39287,33.21,"June 24, 14",0.0039287,GLPI
2014-06-23,33.09,33.2,32.81,33.08,18.197269,848011,848000,-0.01,-0.03022061,33.0,"June 23, 14",-0.0003022061,GLPI
2014-06-20,32.95,33.23,32.83,33.21,18.268787,1101766,1101800,0.26,0.78907,33.12,"June 20, 14",0.0078907,GLPI
2014-06-19,32.31,32.95,32.241,32.95,18.125761,837871,837900,0.64,1.98,32.79,"June 19, 14",0.0198,GLPI
2014-06-18,32.62,32.63,32.18,32.41,17.828707,1590687,1590700,-0.21,-0.64378,32.44,"June 18, 14",-0.0064378,GLPI
2014-06-17,32.82,33.214,32.5,32.51,17.883718,615833,615800,-0.31,-0.94455,32.69,"June 17, 14",-0.0094455,GLPI
2014-06-16,33.0,33.3,32.55,32.95,18.125761,758555,758600,-0.05,-0.15152,32.82,"June 16, 14",-0.0015152,GLPI
2014-06-13,32.94,33.09,32.75,33.0,18.153267,326155,326200,0.06,0.18215,32.98,"June 13, 14",0.0018215,GLPI
2014-06-12,33.0,33.188,32.6999,32.94,18.120256,798986,799000,-0.06,-0.18182,32.86,"June 12, 14",-0.0018182,GLPI
2014-06-11,33.23,33.48,32.92,33.04,18.175266,503428,503400,-0.19,-0.57177,33.06,"June 11, 14",-0.0057177,GLPI
2014-06-10,33.63,33.726,33.02,33.18,18.252287,1149502,1149500,-0.45,-1.34,33.26,"June 10, 14",-0.0134,GLPI
2014-06-09,34.32,34.43,33.99,34.04,18.43932,1207954,1208000,-0.28,-0.81585,34.11,"June 09, 14",-0.0081585,GLPI
2014-06-06,33.81,34.43,33.77,34.42,18.645159,1477698,1477700,0.61,1.8,34.08,"June 06, 14",0.018,GLPI
2014-06-05,33.87,34.328,33.82,33.9,18.36348,2342104,2342100,0.03,0.08857396,34.02,"June 05, 14",0.0008857396,GLPI
2014-06-04,33.45,34.08,33.45,33.85,18.336395,2215452,2215500,0.4,1.2,33.97,"June 04, 14",0.012,GLPI
2014-06-03,33.5,33.72,33.2,33.53,18.163054,634463,634500,0.03,0.08955224,33.6,"June 03, 14",0.0008955224,GLPI
2014-06-02,33.66,33.94,33.37,33.6,18.20097,880789,880800,-0.06,-0.17825,33.63,"June 02, 14",-0.0017825,GLPI
2014-05-30,33.82,33.91,33.29,33.56,18.179306,1252241,1252200,-0.26,-0.76878,33.56,"May 30, 14",-0.0076878,GLPI
2014-05-29,34.08,34.17,33.78,33.84,18.330975,1426142,1426100,-0.24,-0.70423,34.02,"May 29, 14",-0.0070423,GLPI
2014-05-28,34.23,34.58,34.06,34.11,18.47724,894860,894900,-0.12,-0.35057,34.26,"May 28, 14",-0.0035057,GLPI
2014-05-27,34.04,34.29,34.0,34.17,18.509741,665688,665700,0.13,0.3819,34.18,"May 27, 14",0.003819,GLPI
2014-05-23,34.01,34.3599,33.872,34.05,18.444736,526458,526500,0.04,0.11761,34.1,"May 23, 14",0.0011761,GLPI
2014-05-22,34.0,34.2,33.8,33.89,18.358067,503614,503600,-0.11,-0.32353,34.04,"May 22, 14",-0.0032353,GLPI
2014-05-21,34.15,34.27,33.87,33.99,18.412233,1251844,1251800,-0.16,-0.46852,34.01,"May 21, 14",-0.0046852,GLPI
2014-05-20,34.51,34.51,33.91,34.07,18.455568,891238,891200,-0.44,-1.27,34.04,"May 20, 14",-0.0127,GLPI
2014-05-19,34.72,34.85,34.3,34.42,18.645159,1024187,1024200,-0.3,-0.86406,34.45,"May 19, 14",-0.0086406,GLPI
2014-05-16,34.56,34.92,34.35,34.89,18.899763,599215,599200,0.33,0.95486,34.6,"May 16, 14",0.0095486,GLPI
2014-05-15,34.69,35.08,34.13,34.55,18.715584,891893,891900,-0.14,-0.40357,34.45,"May 15, 14",-0.0040357,GLPI
2014-05-14,35.36,36.0,34.78,34.84,18.872673,1909636,1909600,-0.52,-1.47,35.35,"May 14, 14",-0.0147,GLPI
2014-05-13,35.64,35.84,34.9,34.97,18.943098,4382909,4382900,-0.67,-1.88,34.4,"May 13, 14",-0.0188,GLPI
2014-05-12,35.47,36.01,35.36,35.5,19.230196,603620,603600,0.03,0.08457852,35.56,"May 12, 14",0.0008457852,GLPI
2014-05-09,35.76,36.02,35.47,35.81,19.398123,288048,288000,0.05,0.13982,35.82,"May 09, 14",0.0013982,GLPI
2014-05-08,35.83,36.128,35.44,35.85,19.419788,436803,436800,0.02,0.05581915,35.81,"May 08, 14",0.0005581915,GLPI
2014-05-07,35.83,36.0,35.41,36.0,19.50104,328357,328400,0.17,0.47446,35.92,"May 07, 14",0.0047446,GLPI
2014-05-06,35.87,36.0,35.56,35.61,19.28978,293614,293600,-0.26,-0.72484,35.67,"May 06, 14",-0.0072484,GLPI
2014-05-05,35.8,36.0,35.31,35.99,19.495625,619003,619000,0.19,0.53073,35.79,"May 05, 14",0.0053073,GLPI
2014-05-02,36.32,36.714,35.89,36.0,19.50104,667794,667800,-0.32,-0.88106,36.14,"May 02, 14",-0.0088106,GLPI
2014-05-01,36.85,36.85,36.16,36.44,19.739386,865690,865700,-0.41,-1.11,36.46,"May 01, 14",-0.0111,GLPI
2014-04-30,35.58,37.022,35.58,36.75,19.907314,870421,870400,1.17,3.29,36.76,"April 30, 14",0.0329,GLPI
2014-04-29,36.41,36.82,36.27,36.67,19.863974,393256,393300,0.26,0.71409,36.7,"April 29, 14",0.0071409,GLPI
2014-04-28,36.05,36.7,35.82,36.36,19.696051,502520,502500,0.31,0.85992,36.16,"April 28, 14",0.0085992,GLPI
2014-04-25,37.005,37.35,35.99,36.08,19.544378,785865,785900,-0.925,-2.5,36.37,"April 25, 14",-0.025,GLPI
2014-04-24,36.57,37.66,36.521,37.14,20.118578,1642020,1642000,0.57,1.56,37.19,"April 24, 14",0.0156,GLPI
2014-04-23,38.23,38.23,37.4,37.6,20.367752,337011,337000,-0.63,-1.65,37.72,"April 23, 14",-0.0165,GLPI
2014-04-22,37.88,38.5,37.88,38.33,20.763193,913844,913800,0.45,1.19,38.31,"April 22, 14",0.0119,GLPI
2014-04-21,37.72,37.87,37.39,37.7,20.421925,1149135,1149100,-0.02,-0.05302227,37.7,"April 21, 14",-0.0005302227,GLPI
2014-04-17,36.32,37.57,36.32,37.52,20.324419,650581,650600,1.2,3.3,37.14,"April 17, 14",0.033,GLPI
2014-04-16,35.73,36.79,35.73,36.5,19.771883,1041770,1041800,0.77,2.16,36.44,"April 16, 14",0.0216,GLPI
2014-04-15,35.97,36.19,35.37,35.79,19.387287,639850,639900,-0.18,-0.50042,35.62,"April 15, 14",-0.0050042,GLPI
2014-04-14,35.88,36.27,35.61,36.0,19.50104,359543,359500,0.12,0.33445,35.98,"April 14, 14",0.0033445,GLPI
2014-04-11,35.5,35.86,35.22,35.55,19.257284,411187,411200,0.05,0.14085,35.6,"April 11, 14",0.0014085,GLPI
2014-04-10,36.23,36.5599,35.34,35.55,19.257284,912054,912100,-0.68,-1.88,35.8,"April 10, 14",-0.0188,GLPI
2014-04-09,35.93,36.345,35.75,36.0,19.50104,439678,439700,0.07,0.19482,36.1,"April 09, 14",0.0019482,GLPI
2014-04-08,35.89,36.2,35.57,35.75,19.365612,519215,519200,-0.14,-0.39008,35.85,"April 08, 14",-0.0039008,GLPI
2014-04-07,36.38,36.655,35.71,35.79,19.387287,1020683,1020700,-0.59,-1.62,36.03,"April 07, 14",-0.0162,GLPI
2014-04-04,37.25,37.25,36.26,36.45,19.744802,1244869,1244900,-0.8,-2.15,36.65,"April 04, 14",-0.0215,GLPI
2014-04-03,37.11,37.45,36.97,37.19,20.145658,485011,485000,0.08,0.21558,37.21,"April 03, 14",0.0021558,GLPI
2014-04-02,37.37,37.49,37.09,37.21,20.156498,560713,560700,-0.16,-0.42815,37.21,"April 02, 14",-0.0042815,GLPI
2014-04-01,36.4,37.5,36.4,37.5,20.313587,1170719,1170700,1.1,3.02,37.22,"April 01, 14",0.0302,GLPI
2014-03-31,36.54,36.75,36.31,36.46,19.750219,435050,435100,-0.08,-0.21894,36.47,"March 31, 14",-0.0021894,GLPI
2014-03-28,36.65,37.06,36.12,36.18,19.598549,429694,429700,-0.47,-1.28,36.44,"March 28, 14",-0.0128,GLPI
2014-03-27,36.0,36.87,35.89,36.4,19.717722,599759,599800,0.4,1.11,36.44,"March 27, 14",0.0111,GLPI
2014-03-26,36.45,37.24,36.1,36.12,19.566042,1062132,1062100,-0.33,-0.90535,36.73,"March 26, 14",-0.0090535,GLPI
2014-03-25,36.32,36.75,36.16,36.58,19.815226,539768,539800,0.26,0.71586,36.57,"March 25, 14",0.0071586,GLPI
2014-03-24,36.22,36.36,35.88,36.03,19.517294,679160,679200,-0.19,-0.52457,36.08,"March 24, 14",-0.0052457,GLPI
2014-03-21,36.23,36.59,35.9101,36.24,19.631046,1275611,1275600,0.01,0.02760144,36.28,"March 21, 14",0.0002760144,GLPI
2014-03-20,36.16,36.34,35.92,36.25,19.636461,289061,289100,0.09,0.24889,36.23,"March 20, 14",0.0024889,GLPI
2014-03-19,36.58,36.96,36.16,36.24,19.631046,1419128,1419100,-0.34,-0.92947,36.3,"March 19, 14",-0.0092947,GLPI
2014-03-18,36.74,36.865,36.47,36.65,19.85314,659816,657900,-0.09,-0.24496,36.65,"March 18, 14",-0.0024496,GLPI
2014-03-17,37.24,37.58,36.7,36.84,19.956064,479951,480000,-0.4,-1.07,36.96,"March 17, 14",-0.0107,GLPI
2014-03-14,37.08,38.31,36.88,37.33,20.221498,1007556,1007600,0.25,0.67422,37.64,"March 14, 14",0.0067422,GLPI
2014-03-13,37.28,37.48,36.81,36.97,20.026484,262543,262500,-0.31,-0.83155,37.05,"March 13, 14",-0.0083155,GLPI
2014-03-12,36.31,37.59,36.2142,37.47,20.297335,470513,470500,1.16,3.19,37.33,"March 12, 14",0.0319,GLPI
2014-03-11,37.26,38.19,37.09,37.21,20.156498,749356,749400,-0.05,-0.13419,37.39,"March 11, 14",-0.0013419,GLPI
2014-03-10,38.51,39.022,37.59,37.82,20.486923,793993,794000,-0.69,-1.79,37.84,"March 10, 14",-0.0179,GLPI
2014-03-07,39.0,39.09,38.3,38.73,20.979874,1003032,1003000,-0.27,-0.69231,38.74,"March 07, 14",-0.0069231,GLPI
2014-03-06,38.5,38.75,37.91,38.53,20.871529,658618,658600,0.03,0.07792208,38.54,"March 06, 14",0.0007792208,GLPI
2014-03-05,38.12,38.59,37.56,38.24,20.714437,762539,762500,0.12,0.3148,38.05,"March 05, 14",0.003148,GLPI
2014-03-04,38.12,38.79,37.91,38.75,20.709028,1034649,1034600,0.63,1.65,38.32,"March 04, 14",0.0165,GLPI
2014-03-03,38.08,38.33,37.5,37.94,20.27614,1673889,1669900,-0.14,-0.36765,37.88,"March 03, 14",-0.0036765,GLPI
2014-02-28,37.89,38.34,37.42,38.08,20.350956,14828276,14792700,0.19,0.50145,38.07,"February 28, 14",0.0050145,GLPI
2014-02-27,37.5,38.23,37.1,37.89,20.249416,1921077,1921100,0.39,1.04,37.69,"February 27, 14",0.0104,GLPI
2014-02-26,37.58,38.02,36.71,37.46,20.019611,2174689,2144700,-0.12,-0.31932,37.36,"February 26, 14",-0.0031932,GLPI
2014-02-25,37.61,38.0,37.485,38.0,20.308205,1367714,1367500,0.39,1.04,37.81,"February 25, 14",0.0104,GLPI
2014-02-24,38.0,38.26,37.45,37.77,20.185287,1738531,1725200,-0.23,-0.60526,37.8,"February 24, 14",-0.0060526,GLPI
2014-02-21,38.66,39.18,37.88,38.23,20.431126,1732253,1712300,-0.43,-1.11,38.39,"February 21, 14",-0.0111,GLPI
2014-02-20,37.6,38.9,36.6429,38.66,20.660919,1324698,1324700,1.06,2.82,38.53,"February 20, 14",0.0282,GLPI
2014-02-19,38.17,38.86,37.95,38.24,20.436462,2121646,2121600,0.07,0.18339,38.3,"February 19, 14",0.0018339,GLPI
2014-02-18,38.34,38.49,37.8,38.44,20.543352,1691881,1691900,0.1,0.26082,38.32,"February 18, 14",0.0026082,GLPI
2014-02-14,38.85,38.85,37.97,38.35,20.495255,1448314,1446300,-0.5,-1.29,38.43,"February 14, 14",-0.0129,GLPI
2014-02-13,38.2,39.19,38.0,38.84,20.757122,3226433,3226400,0.64,1.68,38.73,"February 13, 14",0.0168,GLPI
2014-02-12,37.64,37.85,37.36,37.83,20.217352,706318,706300,0.19,0.50478,37.72,"February 12, 14",0.0050478,GLPI
2014-02-11,36.9,37.9,36.8,37.5,20.040991,1319291,1319300,0.6,1.63,37.4,"February 11, 14",0.0163,GLPI
2014-02-10,36.87,37.2,36.605,37.08,19.816534,668874,668900,0.21,0.56957,36.99,"February 10, 14",0.0056957,GLPI
2014-02-07,36.36,37.09,35.86,36.69,19.608105,840015,837800,0.33,0.90759,36.58,"February 07, 14",0.0090759,GLPI
2014-02-06,34.63,36.1,34.6,35.97,19.223318,1302727,1302700,1.34,3.87,35.57,"February 06, 14",0.0387,GLPI
2014-02-05,34.34,34.88,34.0,34.52,18.4484,768884,768900,0.18,0.52417,34.51,"February 05, 14",0.0052417,GLPI
2014-02-04,33.87,34.61,33.75,34.48,18.427021,622267,622300,0.61,1.8,34.32,"February 04, 14",0.018,GLPI
2014-02-03,34.47,35.07,33.76,33.98,18.159809,1163089,1163100,-0.49,-1.42,34.16,"February 03, 14",-0.0142,GLPI
2014-01-31,34.62,35.185,33.978,34.7,18.544592,2004165,2004200,0.08,0.23108,34.62,"January 31, 14",0.0023108,GLPI
2014-01-30,34.68,35.11,34.418,34.6,18.491152,756234,756200,-0.08,-0.23068,34.62,"January 30, 14",-0.0023068,GLPI
2014-01-29,34.46,34.92,33.85,34.2,18.277384,1049243,1049200,-0.26,-0.7545,34.52,"January 29, 14",-0.007545,GLPI
2014-01-28,33.56,34.9,33.56,34.87,18.63545,715038,715000,1.31,3.9,34.57,"January 28, 14",0.039,GLPI
2014-01-27,34.81,35.53,34.161,34.38,18.373579,675883,675900,-0.43,-1.24,34.53,"January 27, 14",-0.0124,GLPI
2014-01-24,35.0,35.39,34.67,34.72,18.555292,676652,675800,-0.28,-0.8,34.94,"January 24, 14",-0.008,GLPI
2014-01-23,35.65,35.85,35.38,35.45,18.945419,470268,470300,-0.2,-0.56101,35.55,"January 23, 14",-0.0056101,GLPI
2014-01-22,35.7,36.25,35.7,35.8,19.132463,471682,471700,0.1,0.28011,35.95,"January 22, 14",0.0028011,GLPI
2014-01-21,35.91,36.43,35.91,36.32,19.41037,376197,376200,0.41,1.14,36.26,"January 21, 14",0.0114,GLPI
2014-01-17,35.96,36.62,35.948,36.31,19.405024,582635,582600,0.35,0.9733,36.33,"January 17, 14",0.009733,GLPI
2014-01-16,36.84,37.46,36.29,36.51,19.5119,809181,809200,-0.33,-0.89577,36.62,"January 16, 14",-0.0089577,GLPI
2014-01-15,37.1,37.84,36.93,37.07,19.811186,2119167,2119200,-0.03,-0.08086253,37.25,"January 15, 14",-0.0008086253,GLPI
2014-01-14,37.12,37.47,36.93,37.23,19.896696,1381074,1381100,0.11,0.29634,37.17,"January 14, 14",0.0029634,GLPI
2014-01-13,37.72,38.04,37.23,37.24,19.902037,1506000,1506000,-0.48,-1.27,37.47,"January 13, 14",-0.0127,GLPI
2014-01-10,38.33,38.3809,37.64,37.86,20.233381,1620077,1620100,-0.47,-1.23,37.87,"January 10, 14",-0.0123,GLPI
2014-01-09,37.5,38.48,37.3,37.75,20.174593,3437416,3433000,0.25,0.66667,37.96,"January 09, 14",0.0066667,GLPI
2014-01-08,48.41,49.08,47.5,48.7,19.698959,3430274,3430300,0.29,0.59905,48.18,"January 08, 14",0.0059905,GLPI
2014-01-07,49.3,50.98,48.67,49.02,19.828394,1695851,1698700,-0.28,-0.56795,49.32,"January 07, 14",-0.0056795,GLPI
2014-01-06,50.19,50.5,49.0,49.21,19.905249,1468803,1468800,-0.98,-1.95,49.39,"January 06, 14",-0.0195,GLPI
2014-01-03,50.3,50.7,49.93,50.26,20.329967,542437,541100,-0.04,-0.07952286,50.31,"January 03, 14",-0.0007952286,GLPI
2014-01-02,50.65,51.57,50.34,50.43,20.398739,855833,855800,-0.22,-0.43435,50.88,"January 02, 14",-0.0043435,GLPI
2013-12-31,50.75,51.26,50.53,50.81,20.552441,285035,285000,0.06,0.11823,50.92,"December 31, 13",0.0011823,GLPI
2013-12-30,49.39,50.6,48.5123,50.48,20.418961,286357,286400,1.09,2.21,50.15,"December 30, 13",0.0221,GLPI
2013-12-27,50.41,50.485,49.26,49.73,20.115585,273466,273500,-0.68,-1.35,49.57,"December 27, 13",-0.0135,GLPI
2013-12-26,50.61,50.61,50.05,50.24,20.321878,164365,164400,-0.37,-0.73108,50.3,"December 26, 13",-0.0073108,GLPI
2013-12-24,49.82,50.48,49.54,50.34,20.362329,192033,192000,0.52,1.04,50.34,"December 24, 13",0.0104,GLPI
2013-12-23,49.8,50.0,49.39,49.91,20.188395,250320,250300,0.11,0.22088,49.74,"December 23, 13",0.0022088,GLPI
2013-12-20,49.45,50.0,48.96,49.82,20.151995,1087724,1087700,0.37,0.74823,49.64,"December 20, 13",0.0074823,GLPI
2013-12-19,49.48,49.694,48.98,49.27,19.929522,342477,342500,-0.21,-0.42441,49.33,"December 19, 13",-0.0042441,GLPI
2013-12-18,50.0,50.0,48.8375,49.43,19.994234,2424077,2424100,-0.57,-1.14,49.43,"December 18, 13",-0.0114,GLPI
2013-12-17,49.56,50.5,49.56,49.62,20.071095,530977,530800,0.06,0.12107,49.95,"December 17, 13",0.0012107,GLPI
2013-12-16,49.57,50.41,49.39,50.35,20.366379,313795,313800,0.78,1.57,50.04,"December 16, 13",0.0157,GLPI
2013-12-13,50.5,50.5,49.71,50.06,20.249077,413088,413100,-0.44,-0.87129,49.99,"December 13, 13",-0.0087129,GLPI
2013-12-12,51.0,51.33,50.07,50.16,20.28952,988656,988700,-0.84,-1.65,50.68,"December 12, 13",-0.0165,GLPI
2013-12-11,50.0,51.94,49.4,50.82,20.556494,901430,901400,0.82,1.64,50.85,"December 11, 13",0.0164,GLPI
2013-12-10,49.39,50.34,49.13,50.04,20.240982,658407,658400,0.65,1.32,49.95,"December 10, 13",0.0132,GLPI
2013-12-09,48.23,49.95,47.15,49.74,20.11964,1703491,1703500,1.51,3.13,49.48,"December 09, 13",0.0313,GLPI
2013-12-06,46.68,47.39,46.3701,47.26,19.116489,617525,617500,0.58,1.24,46.81,"December 06, 13",0.0124,GLPI
2013-12-05,46.28,47.085,45.96,46.49,18.805019,535035,535000,0.21,0.45376,46.7,"December 05, 13",0.0045376,GLPI
2013-12-04,46.45,46.85,46.01,46.43,18.78075,256623,256600,-0.02,-0.04305705,46.57,"December 04, 13",-0.0004305705,GLPI
2013-12-03,46.58,46.705,45.84,46.36,18.752438,424669,424700,-0.22,-0.47231,46.3,"December 03, 13",-0.0047231,GLPI
2013-12-02,46.74,47.11,45.605,47.04,19.027496,524662,524700,0.3,0.64185,46.8,"December 02, 13",0.0064185,GLPI
2013-11-29,46.5,47.05,45.94,46.12,18.655361,295886,295900,-0.38,-0.8172,46.45,"November 29, 13",-0.008172,GLPI
2013-11-27,46.21,46.89,46.09,46.68,18.881874,240373,240400,0.47,1.02,46.71,"November 27, 13",0.0102,GLPI
2013-11-26,46.15,46.42,45.62,46.3,18.728165,315130,315100,0.15,0.32503,46.24,"November 26, 13",0.0032503,GLPI
2013-11-25,45.31,46.12,44.86,45.94,18.582544,1007540,1007600,0.63,1.39,45.92,"November 25, 13",0.0139,GLPI
2013-11-22,45.71,46.15,45.06,46.12,18.655361,872258,872300,0.41,0.89696,45.55,"November 22, 13",0.0089696,GLPI
2013-11-21,44.92,44.925,44.29,44.66,18.064793,774181,774200,-0.26,-0.57881,44.58,"November 21, 13",-0.0057881,GLPI
2013-11-20,45.0,45.0,44.27,44.6,18.040527,1241564,1241600,-0.4,-0.88889,44.69,"November 20, 13",-0.0088889,GLPI
2013-11-19,44.51,45.04,44.28,44.52,18.008165,1106201,1106000,0.01,0.02246686,44.59,"November 19, 13",0.0002246686,GLPI
2013-11-18,45.2,45.485,44.84,45.07,18.230637,431645,431600,-0.13,-0.28761,45.22,"November 18, 13",-0.0028761,GLPI
2013-11-15,45.03,45.4,44.94,45.2,18.283222,625335,625300,0.17,0.37753,45.21,"November 15, 13",0.0037753,GLPI
2013-11-14,44.49,45.45,44.49,44.95,18.182096,1097415,1097400,0.46,1.03,45.02,"November 14, 13",0.0103,GLPI
2013-11-13,44.34,45.12,44.34,44.9,18.161873,881628,881600,0.56,1.26,44.94,"November 13, 13",0.0126,GLPI
2013-11-12,46.75,46.95,45.37,45.42,18.372211,1063644,1063600,-1.33,-2.84,45.63,"November 12, 13",-0.0284,GLPI
2013-11-11,45.75,46.48,45.25,45.81,18.529964,1224220,1224200,0.06,0.13115,45.55,"November 11, 13",0.0013115,GLPI
2013-11-08,45.4,45.8,44.72,45.49,18.400524,2594115,2594100,0.09,0.19824,45.09,"November 08, 13",0.0019824,GLPI
2013-11-07,47.9,47.9,45.26,45.81,18.529964,1110263,1110300,-2.09,-4.36,46.14,"November 07, 13",-0.0436,GLPI
2013-11-06,46.5,47.18,45.91,46.9,18.970861,1583765,1583800,0.4,0.86022,46.57,"November 06, 13",0.0086022,GLPI
2013-11-05,53.5,53.5,46.26,46.52,18.817154,1145474,1145500,-6.98,-13.05,46.83,"November 05, 13",-0.1305,GLPI
2013-11-04,45.8,47.2,45.67,46.8,18.93042,1771742,1771700,1.0,2.18,46.47,"November 04, 13",0.0218,GLPI
2013-11-01,45.19,45.74,44.65,45.64,18.461199,1043700,1043700,0.45,0.9958,45.34,"November 01, 13",0.009958,GLPI
2013-10-31,44.35,45.17,44.02,45.0,18.202326,404700,404700,0.65,1.47,44.73,"October 31, 13",0.0147,GLPI
2013-10-30,44.94,45.73,44.0,44.36,17.943443,263800,263800,-0.58,-1.29,44.7,"October 30, 13",-0.0129,GLPI
2013-10-29,44.11,44.75,44.0,44.52,18.008165,176200,176200,0.41,0.92949,44.42,"October 29, 13",0.0092949,GLPI
2013-10-28,44.5,44.78,44.0,44.39,17.955585,59700,59700,-0.11,-0.24719,44.39,"October 28, 13",-0.0024719,GLPI
2013-10-25,44.29,44.74,43.64,44.42,17.967707,581400,581400,0.13,0.29352,44.27,"October 25, 13",0.0029352,GLPI
2013-10-24,43.6,44.13,43.41,43.84,17.733103,964100,964100,0.24,0.55046,43.79,"October 24, 13",0.0055046,GLPI
2013-10-23,42.96,44.15,41.7,43.66,17.660299,988400,988400,0.7,1.63,43.17,"October 23, 13",0.0163,GLPI
2013-10-22,44.02,44.68,43.44,44.55,18.020298,1508500,1508500,0.53,1.2,44.22,"October 22, 13",0.012,GLPI
2013-10-21,44.01,44.28,43.55,44.2,17.878727,316800,316800,0.19,0.43172,44.01,"October 21, 13",0.0043172,GLPI
2013-10-18,43.75,44.51,42.65,44.3,17.919174,558400,558400,0.55,1.26,43.82,"October 18, 13",0.0126,GLPI
2013-10-17,44.83,44.83,41.03,43.23,17.486366,1396200,1396200,-1.6,-3.57,43.03,"October 17, 13",-0.0357,GLPI
2013-10-16,41.4,41.4,41.1,41.27,16.693556,763600,763600,-0.13,-0.31401,41.26,"October 16, 13",-0.0031401,GLPI
2013-10-15,41.2,41.3,41.1,41.2,16.665239,182000,182000,0.0,0.0,41.2,"October 15, 13",0.0,GLPI
2013-10-14,41.0,42.0,40.25,41.2,16.665239,316000,316000,0.2,0.4878,41.15,"October 14, 13",0.004878,GLPI
