date,open,high,low,close,adjClose,volume,unadjustedVolume,change,changePercent,vwap,label,changeOverTime,Symbol
2024-03-25,6.6,6.7,6.58,6.65,6.65,916578,916578,0.05,0.75758,6.6325,"March 25, 24",0.0075758,STKL
2024-03-22,6.64,6.71,6.49,6.54,6.54,805729,805729,-0.1,-1.51,6.595,"March 22, 24",-0.0151,STKL
2024-03-21,6.66,6.77,6.5,6.64,6.64,1012827,1012827,-0.02,-0.3003,6.6425,"March 21, 24",-0.003003,STKL
2024-03-20,6.82,6.82,6.61,6.67,6.67,937497,937497,-0.15,-2.2,6.73,"March 20, 24",-0.022,STKL
2024-03-19,6.88,6.93,6.7,6.82,6.82,537709,537709,-0.06,-0.87209,6.8325,"March 19, 24",-0.0087209,STKL
2024-03-18,6.99,6.99,6.82,6.89,6.89,464999,464999,-0.1,-1.43,6.9225,"March 18, 24",-0.0143,STKL
2024-03-15,6.9,7.03,6.87,6.93,6.93,687467,687467,0.03,0.43478,6.9325,"March 15, 24",0.0043478,STKL
2024-03-14,7.07,7.07,6.82,6.92,6.92,1000323,1000323,-0.15,-2.12,6.97,"March 14, 24",-0.0212,STKL
2024-03-13,6.8,7.05,6.79,7.05,7.05,1067517,1067517,0.25,3.68,6.9225,"March 13, 24",0.0368,STKL
2024-03-12,6.77,6.86,6.69,6.79,6.79,557854,557854,0.02,0.29542,6.7775,"March 12, 24",0.0029542,STKL
2024-03-11,6.83,6.9,6.71,6.75,6.75,973412,973412,-0.08,-1.17,6.7975,"March 11, 24",-0.0117,STKL
2024-03-08,6.93,6.94,6.73,6.76,6.76,915581,915581,-0.17,-2.45,6.84,"March 08, 24",-0.0245,STKL
2024-03-07,6.94,7.15,6.81,6.9,6.9,1525566,1525566,-0.04,-0.57637,6.95,"March 07, 24",-0.0057637,STKL
2024-03-06,6.98,7.05,6.53,6.82,6.82,1458611,1458611,-0.16,-2.29,6.845,"March 06, 24",-0.0229,STKL
2024-03-05,6.73,6.76,6.54,6.65,6.65,1137498,1137498,-0.08,-1.19,6.67,"March 05, 24",-0.0119,STKL
2024-03-04,6.77,6.94,6.68,6.7,6.7,1483856,1483856,-0.07,-1.03,6.7725,"March 04, 24",-0.0103,STKL
2024-03-01,7.03,7.38,6.76,6.78,6.78,1436119,1436119,-0.25,-3.56,6.9875,"March 01, 24",-0.0356,STKL
2024-02-29,6.44,7.18,6.29,7.03,7.03,3308587,3308587,0.59,9.16,6.735,"February 29, 24",0.0916,STKL
2024-02-28,5.98,6.09,5.94,6.01,6.01,560148,560148,0.03,0.50167,6.005,"February 28, 24",0.0050167,STKL
2024-02-27,6.02,6.17,6.02,6.02,6.02,487003,487003,0.0,0.0,6.0575,"February 27, 24",0.0,STKL
2024-02-26,5.69,6.02,5.62,6.0,6.0,690421,690421,0.31,5.45,5.8325,"February 26, 24",0.0545,STKL
2024-02-23,5.74,5.78,5.58,5.73,5.73,588700,588700,-0.01,-0.17422,5.7075,"February 23, 24",-0.0017422,STKL
2024-02-22,5.79,5.83,5.57,5.69,5.69,538609,538609,-0.1,-1.73,5.72,"February 22, 24",-0.0173,STKL
2024-02-21,5.9,5.9,5.76,5.81,5.81,472952,472952,-0.09,-1.53,5.8425,"February 21, 24",-0.0153,STKL
2024-02-20,5.93,5.99,5.85,5.89,5.89,564100,564100,-0.04,-0.67454,5.915,"February 20, 24",-0.0067454,STKL
2024-02-16,6.05,6.09,5.92,5.97,5.97,540140,540140,-0.08,-1.32,6.0075,"February 16, 24",-0.0132,STKL
2024-02-15,6.06,6.21,6.0,6.1,6.1,724381,724381,0.04,0.66007,6.0925,"February 15, 24",0.0066007,STKL
2024-02-14,6.27,6.27,5.87,6.01,6.01,663924,663924,-0.26,-4.15,6.105,"February 14, 24",-0.0415,STKL
2024-02-13,6.22,6.28,6.15,6.19,6.19,843245,843245,-0.03,-0.48232,6.21,"February 13, 24",-0.0048232,STKL
2024-02-12,6.18,6.37,6.16,6.31,6.31,710837,710837,0.13,2.1,6.255,"February 12, 24",0.021,STKL
2024-02-09,6.22,6.24,6.15,6.17,6.17,584658,584658,-0.05,-0.80386,6.195,"February 09, 24",-0.0080386,STKL
2024-02-08,6.11,6.23,6.03,6.21,6.21,397456,397456,0.1,1.64,6.145,"February 08, 24",0.0164,STKL
2024-02-07,6.22,6.22,6.01,6.09,6.09,478329,478329,-0.13,-2.09,6.135,"February 07, 24",-0.0209,STKL
2024-02-06,6.11,6.31,6.06,6.21,6.21,663290,663290,0.1,1.64,6.1725,"February 06, 24",0.0164,STKL
2024-02-05,6.06,6.15,5.97,6.12,6.12,642344,642344,0.06,0.9901,6.075,"February 05, 24",0.009901,STKL
2024-02-02,6.06,6.2,6.01,6.14,6.14,423935,423935,0.08,1.32,6.1025,"February 02, 24",0.0132,STKL
2024-02-01,5.99,6.16,5.87,6.15,6.15,992593,992593,0.16,2.67,6.0425,"February 01, 24",0.0267,STKL
2024-01-31,6.06,6.22,5.93,5.95,5.95,909937,909937,-0.11,-1.82,6.04,"January 31, 24",-0.0182,STKL
2024-01-30,6.02,6.1,5.96,6.07,6.07,645120,645120,0.05,0.83056,6.0375,"January 30, 24",0.0083056,STKL
2024-01-29,6.06,6.12,5.95,6.03,6.03,630666,630666,-0.03,-0.49505,6.04,"January 29, 24",-0.0049505,STKL
2024-01-26,6.04,6.07,5.96,6.03,6.03,474804,474804,-0.01,-0.16556,6.025,"January 26, 24",-0.0016556,STKL
2024-01-25,5.97,6.09,5.88,5.97,5.97,853884,853884,0.0,0.0,5.9775,"January 25, 24",0.0,STKL
2024-01-24,6.0,6.01,5.86,5.88,5.88,766204,766204,-0.12,-2.0,5.9375,"January 24, 24",-0.02,STKL
2024-01-23,5.85,6.05,5.83,5.96,5.96,965385,965385,0.11,1.88,5.9225,"January 23, 24",0.0188,STKL
2024-01-22,5.72,5.87,5.6,5.86,5.86,712671,712671,0.14,2.45,5.7625,"January 22, 24",0.0245,STKL
2024-01-19,5.72,5.78,5.55,5.71,5.71,1136427,1136427,-0.01,-0.17483,5.69,"January 19, 24",-0.0017483,STKL
2024-01-18,5.65,5.77,5.54,5.74,5.74,693192,693192,0.09,1.59,5.675,"January 18, 24",0.0159,STKL
2024-01-17,5.5,5.61,5.45,5.59,5.59,739725,739725,0.09,1.64,5.5375,"January 17, 24",0.0164,STKL
2024-01-16,5.59,5.71,5.47,5.61,5.61,842915,842915,0.02,0.35778,5.595,"January 16, 24",0.0035778,STKL
2024-01-12,5.6,5.78,5.57,5.65,5.65,928328,928328,0.05,0.89286,5.65,"January 12, 24",0.0089286,STKL
2024-01-11,5.39,5.56,5.31,5.53,5.53,891287,891287,0.14,2.6,5.4475,"January 11, 24",0.026,STKL
2024-01-10,5.38,5.42,5.3,5.41,5.41,904875,904875,0.03,0.55762,5.3775,"January 10, 24",0.0055762,STKL
2024-01-09,5.33,5.53,5.3,5.4,5.4,940643,940643,0.07,1.31,5.39,"January 09, 24",0.0131,STKL
2024-01-08,5.36,5.48,5.36,5.41,5.41,622551,622551,0.05,0.93284,5.4025,"January 08, 24",0.0093284,STKL
2024-01-05,5.25,5.42,5.02,5.39,5.39,633022,633022,0.14,2.67,5.27,"January 05, 24",0.0267,STKL
2024-01-04,5.31,5.41,5.23,5.31,5.31,694039,694039,0.0,0.0,5.315,"January 04, 24",0.0,STKL
2024-01-03,5.53,5.55,5.25,5.26,5.26,771914,771914,-0.27,-4.88,5.3975,"January 03, 24",-0.0488,STKL
2024-01-02,5.41,5.67,5.35,5.54,5.54,593345,593345,0.13,2.4,5.4925,"January 02, 24",0.024,STKL
2023-12-29,5.47,5.52,5.43,5.47,5.47,642979,642979,0.0,0.0,5.4725,"December 29, 23",0.0,STKL
2023-12-28,5.46,5.56,5.4,5.48,5.48,674621,674621,0.02,0.3663,5.475,"December 28, 23",0.003663,STKL
2023-12-27,5.35,5.49,5.3,5.48,5.48,755605,755605,0.13,2.43,5.405,"December 27, 23",0.0243,STKL
2023-12-26,5.36,5.46,5.28,5.41,5.41,349565,349565,0.05,0.93284,5.3775,"December 26, 23",0.0093284,STKL
2023-12-22,5.34,5.46,5.29,5.35,5.35,660284,660284,0.01,0.18727,5.36,"December 22, 23",0.0018727,STKL
2023-12-21,5.11,5.34,5.11,5.33,5.33,832530,832530,0.22,4.31,5.2225,"December 21, 23",0.0431,STKL
2023-12-20,5.01,5.3,5.01,5.07,5.07,1046943,1046943,0.06,1.2,5.0975,"December 20, 23",0.012,STKL
2023-12-19,4.91,5.17,4.78,5.15,5.15,855965,855965,0.24,4.89,5.0025,"December 19, 23",0.0489,STKL
2023-12-18,4.8,4.94,4.62,4.91,4.91,983616,983616,0.11,2.29,4.8175,"December 18, 23",0.0229,STKL
2023-12-15,4.91,5.11,4.81,4.84,4.84,1691802,1691802,-0.07,-1.43,4.9175,"December 15, 23",-0.0143,STKL
2023-12-14,5.28,5.41,5.01,5.01,5.01,1589047,1589047,-0.27,-5.11,5.1775,"December 14, 23",-0.0511,STKL
2023-12-13,4.81,5.19,4.7,5.17,5.17,1599846,1599846,0.36,7.48,4.9675,"December 13, 23",0.0748,STKL
2023-12-12,4.9,4.9,4.64,4.79,4.79,1045545,1045545,-0.115,-2.24,4.8075,"December 12, 23",-0.0224,STKL
2023-12-11,4.85,4.86,4.68,4.75,4.75,611680,611680,-0.1,-2.06,4.785,"December 11, 23",-0.0206,STKL
2023-12-08,4.93,5.0,4.76,4.86,4.86,862438,862438,-0.07,-1.42,4.8875,"December 08, 23",-0.0142,STKL
2023-12-07,4.91,5.02,4.76,4.79,4.79,1005414,1005414,-0.12,-2.44,4.87,"December 07, 23",-0.0244,STKL
2023-12-06,5.02,5.08,4.84,4.89,4.89,1132899,1132899,-0.13,-2.59,4.9575,"December 06, 23",-0.0259,STKL
2023-12-05,5.18,5.27,5.11,5.12,5.12,755678,755678,-0.06,-1.16,5.17,"December 05, 23",-0.0116,STKL
2023-12-04,5.1,5.31,5.08,5.16,5.16,702538,702538,0.06,1.18,5.1625,"December 04, 23",0.0118,STKL
2023-12-01,4.94,5.15,4.9,5.12,5.12,707421,707400,0.18,3.64,5.1,"December 01, 23",0.0364,STKL
2023-11-30,4.86,4.965,4.76,4.94,4.94,1214400,1214400,0.08,1.65,4.91,"November 30, 23",0.0165,STKL
2023-11-29,4.86,4.93,4.83,4.85,4.85,712295,712300,-0.01,-0.20576,4.87,"November 29, 23",-0.0020576,STKL
2023-11-28,4.74,4.87,4.69,4.8,4.8,661935,661900,0.06,1.27,4.8,"November 28, 23",0.0127,STKL
2023-11-27,4.89,4.905,4.775,4.82,4.82,628319,628300,-0.07,-1.43,4.82,"November 27, 23",-0.0143,STKL
2023-11-24,4.83,5.03,4.83,4.9,4.9,349745,349700,0.07,1.45,4.89,"November 24, 23",0.0145,STKL
2023-11-22,4.94,5.04,4.82,4.93,4.93,548845,548800,-0.01,-0.20243,4.92,"November 22, 23",-0.0020243,STKL
2023-11-21,4.86,4.985,4.77,4.92,4.92,987731,987700,0.06,1.23,4.92,"November 21, 23",0.0123,STKL
2023-11-20,4.75,5.065,4.74,4.93,4.93,1304379,1304300,0.18,3.79,4.94,"November 20, 23",0.0379,STKL
2023-11-17,4.67,4.785,4.56,4.72,4.72,1513087,1512800,0.05,1.07,4.69,"November 17, 23",0.0107,STKL
2023-11-16,4.54,4.61,4.37,4.61,4.61,992610,992600,0.07,1.54,4.54,"November 16, 23",0.0154,STKL
2023-11-15,4.61,4.66,4.51,4.54,4.54,1130967,1131000,-0.07,-1.52,4.56,"November 15, 23",-0.0152,STKL
2023-11-14,4.75,4.77,4.53,4.59,4.59,1945105,1945100,-0.16,-3.37,4.61,"November 14, 23",-0.0337,STKL
2023-11-13,4.38,4.67,4.355,4.59,4.59,1341437,1341400,0.21,4.79,4.57,"November 13, 23",0.0479,STKL
2023-11-10,4.35,4.43,4.15,4.41,4.41,1971015,1971000,0.06,1.38,4.32,"November 10, 23",0.0138,STKL
2023-11-09,3.85,4.725,3.85,4.32,4.32,3069514,3069500,0.47,12.21,4.45,"November 09, 23",0.1221,STKL
2023-11-08,3.88,3.965,3.81,3.94,3.94,1138394,1138400,0.06,1.55,3.91,"November 08, 23",0.0155,STKL
2023-11-07,3.89,3.96,3.8,3.88,3.88,773134,773100,-0.01,-0.25707,3.89,"November 07, 23",-0.0025707,STKL
2023-11-06,3.96,4.045,3.855,3.88,3.88,1584819,1584800,-0.08,-2.02,3.94,"November 06, 23",-0.0202,STKL
2023-11-03,4.01,4.05,3.87,3.94,3.94,977940,977900,-0.07,-1.75,3.94,"November 03, 23",-0.0175,STKL
2023-11-02,3.82,3.98,3.82,3.88,3.88,682565,682600,0.06,1.57,3.88,"November 02, 23",0.0157,STKL
2023-11-01,3.85,3.93,3.765,3.78,3.78,813559,813600,-0.07,-1.82,3.81,"November 01, 23",-0.0182,STKL
2023-10-31,3.94,4.03,3.82,3.84,3.84,827309,827300,-0.1,-2.54,3.89,"October 31, 23",-0.0254,STKL
2023-10-30,4.18,4.2,3.915,3.94,3.94,962586,962500,-0.24,-5.74,3.97,"October 30, 23",-0.0574,STKL
2023-10-27,4.16,4.275,4.03,4.13,4.13,1917290,1917300,-0.03,-0.72115,4.14,"October 27, 23",-0.0072115,STKL
2023-10-26,3.94,4.16,3.9146,4.14,4.14,1768438,1768400,0.2,5.08,4.09,"October 26, 23",0.0508,STKL
2023-10-25,3.86,4.01,3.81,3.96,3.96,913430,913400,0.1,2.59,3.93,"October 25, 23",0.0259,STKL
2023-10-24,3.79,3.935,3.77,3.91,3.91,827773,827800,0.12,3.17,3.88,"October 24, 23",0.0317,STKL
2023-10-23,3.8,3.92,3.72,3.77,3.77,932251,932300,-0.03,-0.78947,3.82,"October 23, 23",-0.0078947,STKL
2023-10-20,3.95,3.99,3.74,3.8,3.8,1321663,1321700,-0.15,-3.8,3.83,"October 20, 23",-0.038,STKL
2023-10-19,4.19,4.19,3.94,3.96,3.96,1381263,1381300,-0.23,-5.49,3.98,"October 19, 23",-0.0549,STKL
2023-10-18,4.21,4.365,4.0,4.22,4.22,1906991,1907000,0.01,0.23753,4.22,"October 18, 23",0.0023753,STKL
2023-10-17,3.92,4.22,3.84,4.21,4.21,1853132,1853100,0.29,7.4,4.06,"October 17, 23",0.074,STKL
2023-10-16,3.59,4.02,3.57,3.92,3.92,3242818,3242800,0.33,9.19,3.89,"October 16, 23",0.0919,STKL
2023-10-13,3.43,3.755,3.2706,3.55,3.55,7583803,7583300,0.12,3.5,3.59,"October 13, 23",0.035,STKL
2023-10-12,2.97,2.97,2.79,2.86,2.86,1019917,1019900,-0.11,-3.7,2.85,"October 12, 23",-0.037,STKL
2023-10-11,3.18,3.21,2.95,2.99,2.99,835614,835600,-0.19,-5.97,3.0,"October 11, 23",-0.0597,STKL
2023-10-10,3.0,3.17,2.99,3.16,3.16,1232649,1232600,0.16,5.33,3.1,"October 10, 23",0.0533,STKL
2023-10-09,3.0,3.07,2.92,3.0,3.0,1004781,1004800,0.0,0.0,2.98,"October 09, 23",0.0,STKL
2023-10-06,3.22,3.225,3.03,3.04,3.04,1443404,1443400,-0.18,-5.59,3.09,"October 06, 23",-0.0559,STKL
2023-10-05,3.27,3.34,3.19,3.24,3.24,1751144,1751100,-0.03,-0.91743,3.25,"October 05, 23",-0.0091743,STKL
2023-10-04,3.21,3.345,3.055,3.28,3.28,1965144,1965100,0.07,2.18,3.23,"October 04, 23",0.0218,STKL
2023-10-03,3.37,3.41,3.135,3.2,3.2,1658379,1658400,-0.17,-5.04,3.19,"October 03, 23",-0.0504,STKL
2023-10-02,3.55,3.55,3.3,3.42,3.42,1177405,1177400,-0.13,-3.66,3.4,"October 02, 23",-0.0366,STKL
2023-09-29,3.37,3.43,3.36,3.37,3.37,938523,938500,0.0,0.0,3.38,"September 29, 23",0.0,STKL
2023-09-28,3.46,3.46,3.325,3.35,3.35,1185644,1185600,-0.11,-3.18,3.37,"September 28, 23",-0.0318,STKL
2023-09-27,3.48,3.535,3.385,3.45,3.45,1001699,1001700,-0.03,-0.86207,3.45,"September 27, 23",-0.0086207,STKL
2023-09-26,3.47,3.59,3.45,3.45,3.45,1654485,1654500,-0.02,-0.57637,3.5,"September 26, 23",-0.0057637,STKL
2023-09-25,3.57,3.595,3.5,3.53,3.53,1019306,1019300,-0.04,-1.12,3.53,"September 25, 23",-0.0112,STKL
2023-09-22,3.69,3.705,3.55,3.57,3.57,527753,527800,-0.12,-3.25,3.6,"September 22, 23",-0.0325,STKL
2023-09-21,3.58,3.68,3.53,3.67,3.67,570774,500200,0.09,2.51,3.64,"September 21, 23",0.0251,STKL
2023-09-20,3.66,3.7,3.6,3.62,3.62,497429,497400,-0.04,-1.09,3.63,"September 20, 23",-0.0109,STKL
2023-09-19,3.71,3.82,3.63,3.64,3.64,518968,519000,-0.07,-1.89,3.69,"September 19, 23",-0.0189,STKL
2023-09-18,3.89,3.89,3.685,3.72,3.72,590215,590200,-0.17,-4.37,3.73,"September 18, 23",-0.0437,STKL
2023-09-15,3.94,4.02,3.9,3.9,3.9,1133482,1133500,-0.04,-1.02,3.93,"September 15, 23",-0.0102,STKL
2023-09-14,3.72,3.99,3.72,3.93,3.93,1496729,1496700,0.21,5.65,3.93,"September 14, 23",0.0565,STKL
2023-09-13,3.69,3.735,3.62,3.72,3.72,800405,800400,0.03,0.81301,3.69,"September 13, 23",0.0081301,STKL
2023-09-12,3.8,3.82,3.66,3.69,3.69,1049258,1049300,-0.11,-2.89,3.7,"September 12, 23",-0.0289,STKL
2023-09-11,3.88,3.9001,3.75,3.81,3.81,704099,704100,-0.07,-1.8,3.81,"September 11, 23",-0.018,STKL
2023-09-08,3.83,3.85,3.725,3.82,3.82,1350400,1350400,-0.01,-0.2611,3.8,"September 08, 23",-0.002611,STKL
2023-09-07,3.86,3.88,3.76,3.83,3.83,1264236,1264200,-0.03,-0.7772,3.8,"September 07, 23",-0.007772,STKL
2023-09-06,4.04,4.06,3.87,3.9,3.9,1053100,1053100,-0.14,-3.47,3.94,"September 06, 23",-0.0347,STKL
2023-09-05,4.23,4.23,4.04,4.05,4.05,782600,782600,-0.18,-4.26,4.11,"September 05, 23",-0.0426,STKL
2023-09-01,4.4,4.46,4.22,4.25,4.25,422400,422400,-0.15,-3.41,4.31,"September 01, 23",-0.0341,STKL
2023-08-31,4.46,4.53,4.39,4.39,4.39,823100,823100,-0.07,-1.57,4.44,"August 31, 23",-0.0157,STKL
2023-08-30,4.32,4.59,4.29,4.46,4.46,692500,692500,0.14,3.24,4.45,"August 30, 23",0.0324,STKL
2023-08-29,4.24,4.34,4.2,4.32,4.32,857000,857000,0.08,1.89,4.29,"August 29, 23",0.0189,STKL
2023-08-28,4.24,4.36,4.22,4.25,4.25,739600,739600,0.01,0.23585,4.28,"August 28, 23",0.0023585,STKL
2023-08-25,4.33,4.37,4.13,4.2,4.2,1151600,1151600,-0.13,-3.0,4.23,"August 25, 23",-0.03,STKL
2023-08-24,4.38,4.42,4.27,4.32,4.32,562400,562400,-0.06,-1.37,4.34,"August 24, 23",-0.0137,STKL
2023-08-23,4.41,4.45,4.31,4.43,4.43,541200,541200,0.02,0.45351,4.4,"August 23, 23",0.0045351,STKL
2023-08-22,4.4,4.43,4.3,4.4,4.4,655900,655900,0.0,0.0,4.38,"August 22, 23",0.0,STKL
2023-08-21,4.52,4.52,4.36,4.4,4.4,651700,651700,-0.12,-2.65,4.43,"August 21, 23",-0.0265,STKL
2023-08-18,4.43,4.6,4.39,4.52,4.52,1344300,1344300,0.09,2.03,4.5,"August 18, 23",0.0203,STKL
2023-08-17,4.35,4.48,4.25,4.45,4.45,901200,901200,0.1,2.3,4.39,"August 17, 23",0.023,STKL
2023-08-16,4.55,4.65,4.32,4.34,4.34,723200,723200,-0.21,-4.62,4.44,"August 16, 23",-0.0462,STKL
2023-08-15,4.68,4.69,4.47,4.55,4.55,1319400,1319400,-0.13,-2.78,4.57,"August 15, 23",-0.0278,STKL
2023-08-14,4.87,4.98,4.68,4.71,4.71,1352400,1352400,-0.16,-3.29,4.79,"August 14, 23",-0.0329,STKL
2023-08-11,4.52,4.96,4.34,4.88,4.88,4510900,4510900,0.36,7.96,4.73,"August 11, 23",0.0796,STKL
2023-08-10,4.5,4.86,3.99,4.51,4.51,8944100,8944100,0.01,0.22222,4.45,"August 10, 23",0.0022222,STKL
2023-08-09,6.05,6.06,5.83,5.88,5.88,856300,856300,-0.17,-2.81,5.92,"August 09, 23",-0.0281,STKL
2023-08-08,6.13,6.13,5.85,6.04,6.04,909000,909000,-0.09,-1.47,6.01,"August 08, 23",-0.0147,STKL
2023-08-07,6.26,6.27,6.1,6.18,6.18,359400,359400,-0.08,-1.28,6.18,"August 07, 23",-0.0128,STKL
2023-08-04,6.14,6.35,6.14,6.26,6.26,1037300,1037300,0.12,1.95,6.25,"August 04, 23",0.0195,STKL
2023-08-03,6.22,6.33,6.16,6.17,6.17,488300,488300,-0.05,-0.80386,6.22,"August 03, 23",-0.0080386,STKL
2023-08-02,6.33,6.35,6.18,6.19,6.19,477500,477500,-0.14,-2.21,6.24,"August 02, 23",-0.0221,STKL
2023-08-01,6.6,6.62,6.41,6.41,6.41,719800,719800,-0.19,-2.88,6.48,"August 01, 23",-0.0288,STKL
2023-07-31,6.27,6.64,6.23,6.63,6.63,1244700,1244700,0.36,5.74,6.5,"July 31, 23",0.0574,STKL
2023-07-28,6.3,6.36,6.2,6.23,6.23,736200,736200,-0.07,-1.11,6.26,"July 28, 23",-0.0111,STKL
2023-07-27,6.53,6.53,6.14,6.18,6.18,1883200,1883200,-0.35,-5.36,6.28,"July 27, 23",-0.0536,STKL
2023-07-26,6.45,6.61,6.43,6.53,6.53,605200,605200,0.08,1.24,6.52,"July 26, 23",0.0124,STKL
2023-07-25,6.52,6.56,6.39,6.46,6.46,866600,866600,-0.06,-0.92025,6.47,"July 25, 23",-0.0092025,STKL
2023-07-24,6.41,6.59,6.28,6.52,6.52,891200,891200,0.11,1.72,6.46,"July 24, 23",0.0172,STKL
2023-07-21,6.3,6.47,6.23,6.4,6.4,865800,865800,0.1,1.59,6.37,"July 21, 23",0.0159,STKL
2023-07-20,6.24,6.33,6.2,6.26,6.26,731200,731200,0.02,0.32051,6.26,"July 20, 23",0.0032051,STKL
2023-07-19,5.94,6.35,5.94,6.23,6.23,1762700,1762700,0.29,4.88,6.17,"July 19, 23",0.0488,STKL
2023-07-18,5.94,6.22,5.81,5.9,5.9,1129000,1129000,-0.04,-0.6734,5.98,"July 18, 23",-0.006734,STKL
2023-07-17,6.04,6.11,5.91,5.92,5.92,969500,969500,-0.12,-1.99,5.98,"July 17, 23",-0.0199,STKL
2023-07-14,6.47,6.48,5.97,6.06,6.06,1727800,1727800,-0.41,-6.34,6.17,"July 14, 23",-0.0634,STKL
2023-07-13,6.47,6.54,6.35,6.5,6.5,1273700,1273700,0.03,0.46368,6.46,"July 13, 23",0.0046368,STKL
2023-07-12,6.43,6.52,6.37,6.46,6.46,975400,975400,0.03,0.46656,6.45,"July 12, 23",0.0046656,STKL
2023-07-11,6.34,6.36,6.22,6.34,6.34,887300,887300,0.0,0.0,6.31,"July 11, 23",0.0,STKL
2023-07-10,6.38,6.54,6.32,6.35,6.35,743700,743700,-0.03,-0.47022,6.4,"July 10, 23",-0.0047022,STKL
2023-07-07,6.36,6.56,6.35,6.36,6.36,1360100,1360100,0.0,0.0,6.42,"July 07, 23",0.0,STKL
2023-07-06,6.52,6.52,6.22,6.42,6.42,920900,920900,-0.1,-1.53,6.39,"July 06, 23",-0.0153,STKL
2023-07-05,6.68,6.84,6.51,6.56,6.56,867400,867400,-0.12,-1.8,6.64,"July 05, 23",-0.018,STKL
2023-07-03,6.69,6.78,6.57,6.72,6.72,631300,631300,0.03,0.44843,6.69,"July 03, 23",0.0044843,STKL
2023-06-30,6.49,6.72,6.49,6.69,6.69,1115900,1115900,0.2,3.08,6.63,"June 30, 23",0.0308,STKL
2023-06-29,6.52,6.62,6.45,6.46,6.46,722600,722600,-0.06,-0.92025,6.51,"June 29, 23",-0.0092025,STKL
2023-06-28,6.57,6.57,6.42,6.5,6.5,615800,615800,-0.07,-1.07,6.5,"June 28, 23",-0.0107,STKL
2023-06-27,6.44,6.59,6.28,6.58,6.58,889600,889600,0.14,2.17,6.48,"June 27, 23",0.0217,STKL
2023-06-26,6.97,7.07,6.48,6.49,6.49,1820700,1820700,-0.48,-6.89,6.68,"June 26, 23",-0.0689,STKL
2023-06-23,6.97,7.23,6.81,6.98,6.98,2433600,2433600,0.01,0.14347,7.01,"June 23, 23",0.0014347,STKL
2023-06-22,7.11,7.11,6.81,6.85,6.85,3247500,3247500,-0.26,-3.66,6.92,"June 22, 23",-0.0366,STKL
2023-06-21,7.15,7.15,6.88,7.06,7.06,986300,986300,-0.09,-1.26,7.03,"June 21, 23",-0.0126,STKL
2023-06-20,6.94,7.33,6.85,7.16,7.16,1774700,1774700,0.22,3.17,7.11,"June 20, 23",0.0317,STKL
2023-06-16,7.05,7.05,6.9,6.99,6.99,1058200,1058200,-0.06,-0.85106,6.98,"June 16, 23",-0.0085106,STKL
2023-06-15,6.9,7.01,6.84,6.97,6.97,589200,589200,0.07,1.01,6.94,"June 15, 23",0.0101,STKL
2023-06-14,6.95,7.0,6.84,6.91,6.91,720800,720800,-0.04,-0.57554,6.92,"June 14, 23",-0.0057554,STKL
2023-06-13,6.81,6.92,6.78,6.91,6.91,1025600,1025600,0.1,1.47,6.87,"June 13, 23",0.0147,STKL
2023-06-12,6.93,7.01,6.8,6.83,6.83,881900,881900,-0.1,-1.44,6.88,"June 12, 23",-0.0144,STKL
2023-06-09,6.88,6.92,6.75,6.88,6.88,795900,795900,0.0,0.0,6.85,"June 09, 23",0.0,STKL
2023-06-08,7.17,7.21,6.85,6.9,6.9,746100,746100,-0.27,-3.77,6.99,"June 08, 23",-0.0377,STKL
2023-06-07,7.14,7.26,7.06,7.19,7.19,736000,736000,0.05,0.70028,7.17,"June 07, 23",0.0070028,STKL
2023-06-06,6.97,7.2,6.91,7.13,7.13,888700,888700,0.16,2.3,7.08,"June 06, 23",0.023,STKL
2023-06-05,6.87,7.11,6.83,7.0,7.0,948500,948500,0.13,1.89,6.98,"June 05, 23",0.0189,STKL
2023-06-02,6.72,6.92,6.72,6.9,6.9,1539600,1539600,0.18,2.68,6.85,"June 02, 23",0.0268,STKL
2023-06-01,6.74,6.75,6.33,6.58,6.58,1497400,1497400,-0.16,-2.37,6.55,"June 01, 23",-0.0237,STKL
2023-05-31,6.86,6.87,6.52,6.73,6.73,2223500,2223500,-0.13,-1.9,6.71,"May 31, 23",-0.019,STKL
2023-05-30,7.06,7.1,6.75,6.87,6.87,925900,925900,-0.19,-2.69,6.91,"May 30, 23",-0.0269,STKL
2023-05-26,7.17,7.25,7.01,7.07,7.07,861300,861300,-0.1,-1.39,7.11,"May 26, 23",-0.0139,STKL
2023-05-25,7.1,7.22,6.97,7.19,7.19,955000,955000,0.09,1.27,7.13,"May 25, 23",0.0127,STKL
2023-05-24,7.55,7.55,7.15,7.17,7.17,600500,600500,-0.38,-5.03,7.29,"May 24, 23",-0.0503,STKL
2023-05-23,7.37,7.59,7.33,7.57,7.57,760400,760400,0.2,2.71,7.5,"May 23, 23",0.0271,STKL
2023-05-22,7.69,7.71,7.4,7.41,7.41,982400,982400,-0.28,-3.64,7.51,"May 22, 23",-0.0364,STKL
2023-05-19,7.71,7.73,7.56,7.65,7.65,649300,649300,-0.06,-0.77821,7.65,"May 19, 23",-0.0077821,STKL
2023-05-18,7.57,7.67,7.46,7.61,7.61,717400,717400,0.04,0.5284,7.58,"May 18, 23",0.005284,STKL
2023-05-17,7.59,7.61,7.41,7.6,7.6,613800,613800,0.01,0.13175,7.54,"May 17, 23",0.0013175,STKL
2023-05-16,7.62,7.94,7.55,7.56,7.56,733900,733900,-0.06,-0.7874,7.68,"May 16, 23",-0.007874,STKL
2023-05-15,7.66,7.76,7.51,7.65,7.65,665200,665200,-0.01,-0.13055,7.64,"May 15, 23",-0.0013055,STKL
2023-05-12,7.73,8.07,7.39,7.65,7.65,1454700,1454700,-0.08,-1.03,7.7,"May 12, 23",-0.0103,STKL
2023-05-11,8.13,8.15,6.96,7.71,7.71,2529000,2529000,-0.42,-5.17,7.61,"May 11, 23",-0.0517,STKL
2023-05-10,8.12,8.22,8.0,8.11,8.11,783500,783500,-0.01,-0.12315,8.11,"May 10, 23",-0.0012315,STKL
2023-05-09,8.0,8.12,7.9,8.03,8.03,509500,509500,0.03,0.375,8.02,"May 09, 23",0.00375,STKL
2023-05-08,8.05,8.14,7.91,8.03,8.03,516700,516700,-0.02,-0.24845,8.03,"May 08, 23",-0.0024845,STKL
2023-05-05,8.07,8.13,7.97,8.04,8.04,604300,604300,-0.03,-0.37175,8.05,"May 05, 23",-0.0037175,STKL
2023-05-04,8.09,8.09,7.82,7.96,7.96,666600,666600,-0.13,-1.61,7.96,"May 04, 23",-0.0161,STKL
2023-05-03,8.11,8.27,8.02,8.07,8.07,657600,657600,-0.04,-0.49322,8.12,"May 03, 23",-0.0049322,STKL
2023-05-02,8.21,8.23,7.96,8.14,8.14,678100,678100,-0.07,-0.85262,8.11,"May 02, 23",-0.0085262,STKL
2023-05-01,8.45,8.51,8.16,8.25,8.25,558900,558900,-0.2,-2.37,8.31,"May 01, 23",-0.0237,STKL
2023-04-28,8.35,8.56,8.32,8.5,8.5,711500,711500,0.15,1.8,8.46,"April 28, 23",0.018,STKL
2023-04-27,8.1,8.48,8.0,8.42,8.42,5803000,5803000,0.32,3.95,8.3,"April 27, 23",0.0395,STKL
2023-04-26,7.95,8.18,7.92,8.07,8.07,510500,510500,0.12,1.51,8.06,"April 26, 23",0.0151,STKL
2023-04-25,8.0,8.07,7.93,7.98,7.98,839800,839800,-0.02,-0.25,7.99,"April 25, 23",-0.0025,STKL
2023-04-24,8.11,8.17,8.0,8.07,8.07,350600,350600,-0.04,-0.49322,8.08,"April 24, 23",-0.0049322,STKL
2023-04-21,8.04,8.2,8.01,8.14,8.14,419500,419500,0.1,1.24,8.12,"April 21, 23",0.0124,STKL
2023-04-20,8.21,8.35,8.06,8.09,8.09,544400,544400,-0.12,-1.46,8.17,"April 20, 23",-0.0146,STKL
2023-04-19,8.38,8.38,8.18,8.27,8.27,398000,398000,-0.11,-1.31,8.28,"April 19, 23",-0.0131,STKL
2023-04-18,8.24,8.58,8.24,8.38,8.38,839200,839200,0.14,1.7,8.4,"April 18, 23",0.017,STKL
2023-04-17,8.46,8.5,8.16,8.23,8.23,469800,469800,-0.23,-2.72,8.3,"April 17, 23",-0.0272,STKL
2023-04-14,8.45,8.51,8.37,8.48,8.48,924200,924200,0.03,0.35503,8.45,"April 14, 23",0.0035503,STKL
2023-04-13,8.46,8.51,8.18,8.44,8.44,717700,717700,-0.02,-0.23641,8.38,"April 13, 23",-0.0023641,STKL
2023-04-12,8.11,8.56,8.1,8.38,8.38,1142200,1142200,0.27,3.33,8.35,"April 12, 23",0.0333,STKL
2023-04-11,8.0,8.09,7.8,8.06,8.06,486900,486900,0.06,0.75,7.98,"April 11, 23",0.0075,STKL
2023-04-10,7.78,8.06,7.75,7.99,7.99,1093000,1093000,0.21,2.7,7.93,"April 10, 23",0.027,STKL
2023-04-06,7.82,7.85,7.67,7.8,7.8,681800,681800,-0.02,-0.25575,7.77,"April 06, 23",-0.0025575,STKL
2023-04-05,7.65,7.82,7.55,7.81,7.81,917300,917300,0.16,2.09,7.73,"April 05, 23",0.0209,STKL
2023-04-04,7.85,7.92,7.62,7.62,7.62,723500,723500,-0.23,-2.93,7.72,"April 04, 23",-0.0293,STKL
2023-04-03,7.7,7.99,7.64,7.86,7.86,837700,837700,0.16,2.08,7.83,"April 03, 23",0.0208,STKL
2023-03-31,7.79,7.86,7.55,7.7,7.7,1164700,1164700,-0.09,-1.16,7.7,"March 31, 23",-0.0116,STKL
2023-03-30,7.66,7.77,7.63,7.76,7.76,299800,299800,0.1,1.31,7.72,"March 30, 23",0.0131,STKL
2023-03-29,7.49,7.71,7.49,7.65,7.65,921500,921500,0.16,2.14,7.62,"March 29, 23",0.0214,STKL
2023-03-28,7.45,7.66,7.44,7.45,7.45,236500,236500,0.0,0.0,7.52,"March 28, 23",0.0,STKL
2023-03-27,7.54,7.56,7.35,7.49,7.49,760100,760100,-0.05,-0.66313,7.47,"March 27, 23",-0.0066313,STKL
2023-03-24,7.36,7.56,7.32,7.51,7.51,361300,361300,0.15,2.04,7.46,"March 24, 23",0.0204,STKL
2023-03-23,7.53,7.61,7.3,7.37,7.37,614400,614400,-0.16,-2.12,7.43,"March 23, 23",-0.0212,STKL
2023-03-22,7.56,7.66,7.5,7.5,7.5,743900,743900,-0.06,-0.79365,7.55,"March 22, 23",-0.0079365,STKL
2023-03-21,7.57,7.76,7.56,7.57,7.57,520000,520000,0.0,0.0,7.63,"March 21, 23",0.0,STKL
2023-03-20,7.65,7.75,7.48,7.54,7.54,964400,964400,-0.11,-1.44,7.59,"March 20, 23",-0.0144,STKL
2023-03-17,7.89,7.98,7.49,7.57,7.57,1064000,1064000,-0.32,-4.06,7.68,"March 17, 23",-0.0406,STKL
2023-03-16,8.03,8.08,7.88,7.96,7.96,693500,693500,-0.07,-0.87173,7.97,"March 16, 23",-0.0087173,STKL
2023-03-15,7.81,8.06,7.69,8.06,8.06,1216500,1216500,0.25,3.2,7.94,"March 15, 23",0.032,STKL
2023-03-14,7.85,8.08,7.78,8.05,8.05,582700,582700,0.2,2.55,7.97,"March 14, 23",0.0255,STKL
2023-03-13,7.57,7.95,7.57,7.73,7.73,588900,588900,0.16,2.11,7.75,"March 13, 23",0.0211,STKL
2023-03-10,7.87,7.89,7.63,7.65,7.65,634900,634900,-0.22,-2.8,7.72,"March 10, 23",-0.028,STKL
2023-03-09,8.01,8.09,7.9,7.92,7.92,490600,490600,-0.09,-1.12,7.97,"March 09, 23",-0.0112,STKL
2023-03-08,8.07,8.1,7.93,8.02,8.02,428100,428100,-0.05,-0.61958,8.02,"March 08, 23",-0.0061958,STKL
2023-03-07,8.11,8.14,7.89,8.09,8.09,631600,631600,-0.02,-0.24661,8.04,"March 07, 23",-0.0024661,STKL
2023-03-06,8.56,8.76,8.13,8.15,8.15,1247000,1247000,-0.41,-4.79,8.35,"March 06, 23",-0.0479,STKL
2023-03-03,8.32,8.73,8.16,8.59,8.59,1732800,1732800,0.27,3.25,8.49,"March 03, 23",0.0325,STKL
2023-03-02,7.66,8.64,7.57,8.29,8.29,2269700,2269700,0.63,8.22,8.17,"March 02, 23",0.0822,STKL
2023-03-01,7.72,7.79,7.54,7.66,7.66,1023200,1023200,-0.06,-0.7772,7.66,"March 01, 23",-0.007772,STKL
2023-02-28,7.54,7.9,7.52,7.68,7.68,2270200,2270200,0.14,1.86,7.7,"February 28, 23",0.0186,STKL
2023-02-27,7.41,7.58,7.38,7.57,7.57,852900,852900,0.16,2.16,7.51,"February 27, 23",0.0216,STKL
2023-02-24,7.43,7.44,7.27,7.32,7.32,669900,669900,-0.11,-1.48,7.34,"February 24, 23",-0.0148,STKL
2023-02-23,7.55,7.62,7.4,7.53,7.53,586200,586200,-0.02,-0.2649,7.52,"February 23, 23",-0.002649,STKL
2023-02-22,7.38,7.57,7.35,7.5,7.5,922700,922700,0.12,1.63,7.47,"February 22, 23",0.0163,STKL
2023-02-21,7.7,7.71,7.38,7.38,7.38,644800,644800,-0.32,-4.16,7.49,"February 21, 23",-0.0416,STKL
2023-02-17,7.61,7.85,7.56,7.72,7.72,718000,718000,0.11,1.45,7.71,"February 17, 23",0.0145,STKL
2023-02-16,7.52,7.71,7.44,7.58,7.58,863500,863500,0.06,0.79787,7.58,"February 16, 23",0.0079787,STKL
2023-02-15,7.35,7.61,7.27,7.58,7.58,789300,789300,0.23,3.13,7.49,"February 15, 23",0.0313,STKL
2023-02-14,7.59,7.6,7.37,7.38,7.38,1439700,1439700,-0.21,-2.77,7.45,"February 14, 23",-0.0277,STKL
2023-02-13,7.5,7.87,7.4,7.61,7.61,1130100,1130100,0.11,1.47,7.63,"February 13, 23",0.0147,STKL
2023-02-10,7.54,7.63,7.47,7.49,7.49,660300,660300,-0.05,-0.66313,7.53,"February 10, 23",-0.0066313,STKL
2023-02-09,7.52,7.89,7.45,7.53,7.53,979700,979700,0.01,0.13298,7.62,"February 09, 23",0.0013298,STKL
2023-02-08,7.75,7.8,7.43,7.52,7.52,2029000,2029000,-0.23,-2.97,7.58,"February 08, 23",-0.0297,STKL
2023-02-07,7.85,7.9,7.7,7.79,7.79,1005500,1005500,-0.06,-0.76433,7.8,"February 07, 23",-0.0076433,STKL
2023-02-06,7.85,7.93,7.82,7.91,7.91,737400,737400,0.06,0.76433,7.89,"February 06, 23",0.0076433,STKL
2023-02-03,8.17,8.22,7.88,7.9,7.9,488600,488600,-0.27,-3.3,8.0,"February 03, 23",-0.033,STKL
2023-02-02,8.26,8.39,8.12,8.21,8.21,748400,748400,-0.05,-0.60533,8.24,"February 02, 23",-0.0060533,STKL
2023-02-01,8.19,8.34,8.07,8.29,8.29,903500,903500,0.1,1.22,8.23,"February 01, 23",0.0122,STKL
2023-01-31,8.16,8.18,7.9,8.17,8.17,1364500,1364500,0.01,0.12255,8.08,"January 31, 23",0.0012255,STKL
2023-01-30,8.01,8.38,8.01,8.17,8.17,1590500,1590500,0.16,2.0,8.19,"January 30, 23",0.02,STKL
2023-01-27,7.85,8.11,7.81,8.09,8.09,817100,817100,0.24,3.06,8.0,"January 27, 23",0.0306,STKL
2023-01-26,8.15,8.23,7.85,7.87,7.87,1164100,1164100,-0.28,-3.44,7.98,"January 26, 23",-0.0344,STKL
2023-01-25,8.18,8.29,8.11,8.14,8.14,540700,540700,-0.04,-0.489,8.18,"January 25, 23",-0.00489,STKL
2023-01-24,8.15,8.32,8.1,8.2,8.2,848500,848500,0.05,0.6135,8.21,"January 24, 23",0.006135,STKL
2023-01-23,8.43,8.49,8.24,8.26,8.26,582100,582100,-0.17,-2.02,8.33,"January 23, 23",-0.0202,STKL
2023-01-20,8.25,8.52,8.08,8.43,8.43,779700,779700,0.18,2.18,8.34,"January 20, 23",0.0218,STKL
2023-01-19,8.31,8.39,8.12,8.13,8.13,821900,821900,-0.18,-2.17,8.21,"January 19, 23",-0.0217,STKL
2023-01-18,8.79,8.79,8.26,8.35,8.35,545700,545700,-0.44,-5.01,8.47,"January 18, 23",-0.0501,STKL
2023-01-17,8.91,9.04,8.7,8.71,8.71,401600,401600,-0.2,-2.24,8.82,"January 17, 23",-0.0224,STKL
2023-01-13,8.75,8.95,8.73,8.9,8.9,661000,661000,0.15,1.71,8.86,"January 13, 23",0.0171,STKL
2023-01-12,9.08,9.09,8.79,8.8,8.8,509900,509900,-0.28,-3.08,8.89,"January 12, 23",-0.0308,STKL
2023-01-11,9.43,9.43,9.05,9.13,9.13,472300,472300,-0.3,-3.18,9.2,"January 11, 23",-0.0318,STKL
2023-01-10,9.39,9.73,9.33,9.37,9.37,1072500,1072500,-0.02,-0.21299,9.48,"January 10, 23",-0.0021299,STKL
2023-01-09,9.13,9.37,9.13,9.3,9.3,624600,624600,0.17,1.86,9.27,"January 09, 23",0.0186,STKL
2023-01-06,9.0,9.22,8.87,9.09,9.09,648500,648500,0.09,1.0,9.06,"January 06, 23",0.01,STKL
2023-01-05,8.9,8.97,8.71,8.94,8.94,610300,610300,0.04,0.44944,8.87,"January 05, 23",0.0044944,STKL
2023-01-04,8.53,9.14,8.5,8.98,8.98,1358900,1358900,0.45,5.28,8.87,"January 04, 23",0.0528,STKL
2023-01-03,8.51,8.72,8.21,8.42,8.42,580200,580200,-0.09,-1.06,8.45,"January 03, 23",-0.0106,STKL
2022-12-30,8.55,8.57,8.27,8.44,8.44,603100,603100,-0.11,-1.29,8.43,"December 30, 22",-0.0129,STKL
2022-12-29,8.75,8.88,8.53,8.59,8.59,572100,572100,-0.16,-1.83,8.67,"December 29, 22",-0.0183,STKL
2022-12-28,8.54,8.85,8.52,8.68,8.68,862600,862600,0.14,1.64,8.68,"December 28, 22",0.0164,STKL
2022-12-27,8.33,8.56,8.28,8.54,8.54,563400,563400,0.21,2.52,8.46,"December 27, 22",0.0252,STKL
2022-12-23,8.18,8.34,8.12,8.33,8.33,343600,343600,0.15,1.83,8.26,"December 23, 22",0.0183,STKL
2022-12-22,8.12,8.23,8.05,8.2,8.2,428400,428400,0.08,0.98522,8.16,"December 22, 22",0.0098522,STKL
2022-12-21,8.03,8.19,7.97,8.13,8.13,490500,490500,0.1,1.25,8.1,"December 21, 22",0.0125,STKL
2022-12-20,7.92,8.12,7.91,7.99,7.99,579700,579700,0.07,0.88384,8.01,"December 20, 22",0.0088384,STKL
2022-12-19,8.15,8.3,7.96,7.97,7.97,1108500,1108500,-0.18,-2.21,8.08,"December 19, 22",-0.0221,STKL
2022-12-16,8.04,8.18,7.89,8.17,8.17,1384600,1384600,0.13,1.62,8.08,"December 16, 22",0.0162,STKL
2022-12-15,7.98,8.16,7.96,8.13,8.13,1375400,1375400,0.15,1.88,8.08,"December 15, 22",0.0188,STKL
2022-12-14,8.48,8.57,8.08,8.13,8.13,910700,910700,-0.35,-4.13,8.26,"December 14, 22",-0.0413,STKL
2022-12-13,8.69,8.82,8.41,8.48,8.48,629300,629300,-0.21,-2.42,8.57,"December 13, 22",-0.0242,STKL
2022-12-12,8.75,8.81,8.46,8.46,8.46,456500,456500,-0.29,-3.31,8.58,"December 12, 22",-0.0331,STKL
2022-12-09,8.82,8.95,8.71,8.77,8.77,633100,633100,-0.05,-0.56689,8.81,"December 09, 22",-0.0056689,STKL
2022-12-08,8.92,9.13,8.83,8.86,8.86,627100,627100,-0.06,-0.67265,8.94,"December 08, 22",-0.0067265,STKL
2022-12-07,8.96,9.07,8.84,8.99,8.99,763100,763100,0.03,0.33482,8.97,"December 07, 22",0.0033482,STKL
2022-12-06,9.04,9.13,8.87,9.04,9.04,722800,722800,0.0,0.0,9.01,"December 06, 22",0.0,STKL
2022-12-05,9.19,9.24,8.97,9.03,9.03,557800,557800,-0.16,-1.74,9.08,"December 05, 22",-0.0174,STKL
2022-12-02,9.02,9.26,8.91,9.22,9.22,718000,718000,0.2,2.22,9.13,"December 02, 22",0.0222,STKL
2022-12-01,9.42,9.48,9.16,9.19,9.19,699900,699900,-0.23,-2.44,9.28,"December 01, 22",-0.0244,STKL
2022-11-30,9.45,9.54,9.15,9.35,9.35,1187700,1187700,-0.1,-1.06,9.35,"November 30, 22",-0.0106,STKL
2022-11-29,9.3,9.47,9.16,9.43,9.43,2133800,2133800,0.13,1.4,9.35,"November 29, 22",0.014,STKL
2022-11-28,9.92,10.09,9.32,9.34,9.34,1384900,1384900,-0.58,-5.85,9.58,"November 28, 22",-0.0585,STKL
2022-11-25,9.92,10.23,9.91,10.04,10.04,485400,485400,0.12,1.21,10.06,"November 25, 22",0.0121,STKL
2022-11-23,9.51,9.92,9.5,9.77,9.77,912500,912500,0.26,2.73,9.73,"November 23, 22",0.0273,STKL
2022-11-22,9.55,9.67,9.32,9.57,9.57,1084500,1084500,0.02,0.20942,9.52,"November 22, 22",0.0020942,STKL
2022-11-21,9.31,9.51,8.98,9.46,9.46,1203500,1203500,0.15,1.61,9.32,"November 21, 22",0.0161,STKL
2022-11-18,9.17,9.38,8.88,9.32,9.32,1370700,1370700,0.15,1.64,9.19,"November 18, 22",0.0164,STKL
2022-11-17,8.41,9.12,8.29,9.09,9.09,2223500,2223500,0.68,8.09,8.83,"November 17, 22",0.0809,STKL
2022-11-16,8.09,8.69,8.07,8.58,8.58,1495800,1495800,0.49,6.06,8.45,"November 16, 22",0.0606,STKL
2022-11-15,8.88,9.03,7.99,8.2,8.2,3184500,3184500,-0.68,-7.66,8.41,"November 15, 22",-0.0766,STKL
2022-11-14,9.29,9.31,8.69,8.71,8.71,1486000,1486000,-0.58,-6.24,8.9,"November 14, 22",-0.0624,STKL
2022-11-11,8.93,9.37,8.64,9.35,9.35,1772400,1772400,0.42,4.7,9.12,"November 11, 22",0.047,STKL
2022-11-10,11.25,11.25,8.6,8.77,8.77,3851200,3851200,-2.48,-22.04,9.54,"November 10, 22",-0.2204,STKL
2022-11-09,10.88,11.05,10.4,10.44,10.44,1272000,1272000,-0.44,-4.04,10.63,"November 09, 22",-0.0404,STKL
2022-11-08,11.16,11.16,10.8,11.0,11.0,1900400,1900400,-0.16,-1.43,10.99,"November 08, 22",-0.0143,STKL
2022-11-07,10.87,11.09,10.74,11.01,11.01,828700,828700,0.14,1.29,10.95,"November 07, 22",0.0129,STKL
2022-11-04,10.65,11.05,10.55,10.92,10.92,952500,952500,0.27,2.54,10.84,"November 04, 22",0.0254,STKL
2022-11-03,10.89,11.04,10.32,10.45,10.45,1306400,1306400,-0.44,-4.04,10.6,"November 03, 22",-0.0404,STKL
2022-11-02,11.47,11.47,10.98,10.98,10.98,721400,721400,-0.49,-4.27,11.14,"November 02, 22",-0.0427,STKL
2022-11-01,11.48,11.67,11.16,11.52,11.52,1363200,1363200,0.04,0.34843,11.45,"November 01, 22",0.0034843,STKL
2022-10-31,11.06,11.3,10.92,11.23,11.23,1307700,1307700,0.17,1.54,11.15,"October 31, 22",0.0154,STKL
2022-10-28,10.71,11.11,10.29,10.98,10.98,876500,876500,0.27,2.52,10.79,"October 28, 22",0.0252,STKL
2022-10-27,10.93,11.17,10.66,10.73,10.73,1778400,1778400,-0.2,-1.83,10.85,"October 27, 22",-0.0183,STKL
2022-10-26,10.51,10.98,10.5,10.94,10.94,1831300,1831300,0.43,4.09,10.81,"October 26, 22",0.0409,STKL
2022-10-25,10.12,10.51,10.12,10.5,10.5,1245100,1245100,0.38,3.75,10.38,"October 25, 22",0.0375,STKL
2022-10-24,9.96,10.11,9.81,10.06,10.06,568700,568700,0.1,1.0,9.99,"October 24, 22",0.01,STKL
2022-10-21,9.77,9.95,9.49,9.93,9.93,769800,769800,0.16,1.64,9.79,"October 21, 22",0.0164,STKL
2022-10-20,9.7,9.87,9.6,9.76,9.76,841700,841700,0.06,0.61856,9.74,"October 20, 22",0.0061856,STKL
2022-10-19,9.87,9.93,9.67,9.73,9.73,724400,724400,-0.14,-1.42,9.78,"October 19, 22",-0.0142,STKL
2022-10-18,9.96,10.27,9.83,10.0,10.0,1003500,1003500,0.04,0.40161,10.03,"October 18, 22",0.0040161,STKL
2022-10-17,9.56,9.72,9.46,9.72,9.72,857100,857100,0.16,1.67,9.63,"October 17, 22",0.0167,STKL
2022-10-14,9.91,10.11,9.41,9.49,9.49,1228400,1228400,-0.42,-4.24,9.67,"October 14, 22",-0.0424,STKL
2022-10-13,9.48,9.83,9.12,9.81,9.81,869900,869900,0.33,3.48,9.59,"October 13, 22",0.0348,STKL
2022-10-12,9.56,9.73,9.4,9.64,9.64,527700,527700,0.08,0.83682,9.59,"October 12, 22",0.0083682,STKL
2022-10-11,9.68,9.69,9.39,9.58,9.58,734900,734900,-0.1,-1.03,9.55,"October 11, 22",-0.0103,STKL
2022-10-10,9.59,9.82,9.5,9.79,9.79,410400,410400,0.2,2.09,9.7,"October 10, 22",0.0209,STKL
2022-10-07,9.54,9.66,9.38,9.6,9.6,524600,524600,0.06,0.62893,9.55,"October 07, 22",0.0062893,STKL
2022-10-06,9.86,9.89,9.59,9.65,9.65,752300,752300,-0.21,-2.13,9.71,"October 06, 22",-0.0213,STKL
2022-10-05,9.76,9.91,9.66,9.84,9.84,825100,825100,0.08,0.81967,9.8,"October 05, 22",0.0081967,STKL
2022-10-04,9.62,9.93,9.58,9.88,9.88,941700,941700,0.26,2.7,9.8,"October 04, 22",0.027,STKL
2022-10-03,9.19,9.48,8.99,9.45,9.45,581100,581100,0.26,2.83,9.31,"October 03, 22",0.0283,STKL
2022-09-30,9.26,9.3,9.06,9.1,9.1,988200,988200,-0.16,-1.73,9.15,"September 30, 22",-0.0173,STKL
2022-09-29,9.2,9.24,8.97,9.17,9.17,1076400,1076400,-0.03,-0.32609,9.13,"September 29, 22",-0.0032609,STKL
2022-09-28,9.04,9.37,8.85,9.31,9.31,1190300,1190300,0.27,2.99,9.18,"September 28, 22",0.0299,STKL
2022-09-27,8.95,9.23,8.89,8.99,8.99,703500,703500,0.04,0.44693,9.04,"September 27, 22",0.0044693,STKL
2022-09-26,8.72,8.94,8.7,8.85,8.85,709600,709600,0.13,1.49,8.83,"September 26, 22",0.0149,STKL
2022-09-23,9.14,9.15,8.7,8.88,8.88,1046000,1046000,-0.26,-2.84,8.91,"September 23, 22",-0.0284,STKL
2022-09-22,9.42,9.61,9.23,9.3,9.3,879300,879300,-0.12,-1.27,9.38,"September 22, 22",-0.0127,STKL
2022-09-21,9.64,9.83,9.51,9.55,9.55,723300,723300,-0.09,-0.93361,9.63,"September 21, 22",-0.0093361,STKL
2022-09-20,10.31,10.31,9.52,9.62,9.62,853000,853000,-0.69,-6.69,9.82,"September 20, 22",-0.0669,STKL
2022-09-19,9.63,10.31,9.63,10.27,10.27,1604700,1604700,0.64,6.65,10.07,"September 19, 22",0.0665,STKL
2022-09-16,9.99,10.06,9.56,9.62,9.62,1012100,1012100,-0.37,-3.7,9.75,"September 16, 22",-0.037,STKL
2022-09-15,10.47,10.57,10.07,10.17,10.17,891800,891800,-0.3,-2.87,10.27,"September 15, 22",-0.0287,STKL
2022-09-14,10.19,10.5,10.0,10.5,10.5,744000,744000,0.31,3.04,10.33,"September 14, 22",0.0304,STKL
2022-09-13,9.9,10.31,9.84,10.17,10.17,858500,858500,0.27,2.73,10.11,"September 13, 22",0.0273,STKL
2022-09-12,10.0,10.15,9.87,10.14,10.14,614400,614400,0.14,1.4,10.05,"September 12, 22",0.014,STKL
2022-09-09,10.06,10.12,9.91,9.93,9.93,448300,448300,-0.13,-1.29,9.99,"September 09, 22",-0.0129,STKL
2022-09-08,9.93,10.3,9.77,9.92,9.92,564300,564300,-0.01,-0.1007,10.0,"September 08, 22",-0.001007,STKL
2022-09-07,9.79,9.96,9.73,9.93,9.93,668500,668500,0.14,1.43,9.87,"September 07, 22",0.0143,STKL
2022-09-06,9.93,9.93,9.45,9.77,9.77,936300,936300,-0.16,-1.61,9.72,"September 06, 22",-0.0161,STKL
2022-09-02,9.98,10.0,9.68,9.69,9.69,778800,778800,-0.29,-2.91,9.79,"September 02, 22",-0.0291,STKL
2022-09-01,9.9,9.99,9.71,9.9,9.9,639600,639600,0.0,0.0,9.87,"September 01, 22",0.0,STKL
2022-08-31,9.99,10.04,9.84,9.93,9.93,494400,494400,-0.06,-0.6006,9.94,"August 31, 22",-0.006006,STKL
2022-08-30,9.9,10.0,9.72,9.92,9.92,1980100,1980100,0.02,0.20202,9.88,"August 30, 22",0.0020202,STKL
2022-08-29,10.09,10.2,9.84,9.87,9.87,754100,754100,-0.22,-2.18,9.97,"August 29, 22",-0.0218,STKL
2022-08-26,10.64,10.68,10.07,10.2,10.2,827300,827300,-0.44,-4.14,10.32,"August 26, 22",-0.0414,STKL
2022-08-25,10.61,10.72,10.45,10.59,10.59,1364800,1364800,-0.02,-0.1885,10.59,"August 25, 22",-0.001885,STKL
2022-08-24,10.2,10.47,10.12,10.41,10.41,1137400,1137400,0.21,2.06,10.33,"August 24, 22",0.0206,STKL
2022-08-23,10.01,10.22,9.94,10.1,10.1,611700,611700,0.09,0.8991,10.09,"August 23, 22",0.008991,STKL
2022-08-22,10.35,10.5,9.93,9.99,9.99,1008700,1008700,-0.36,-3.48,10.14,"August 22, 22",-0.0348,STKL
2022-08-19,10.3,10.56,10.18,10.54,10.54,759600,759600,0.24,2.33,10.43,"August 19, 22",0.0233,STKL
2022-08-18,10.51,10.64,10.32,10.43,10.43,1824100,1824100,-0.08,-0.76118,10.46,"August 18, 22",-0.0076118,STKL
2022-08-17,10.76,11.02,10.5,10.54,10.54,1194800,1194800,-0.22,-2.04,10.69,"August 17, 22",-0.0204,STKL
2022-08-16,11.19,11.23,10.87,10.91,10.91,1203400,1203400,-0.28,-2.5,11.0,"August 16, 22",-0.025,STKL
2022-08-15,10.75,11.23,10.51,11.2,11.2,983300,983300,0.45,4.19,10.98,"August 15, 22",0.0419,STKL
2022-08-12,10.7,11.2,10.59,10.77,10.77,1598700,1598700,0.07,0.65421,10.85,"August 12, 22",0.0065421,STKL
2022-08-11,9.72,11.47,9.6,10.73,10.73,4979400,4979400,1.01,10.39,10.6,"August 11, 22",0.1039,STKL
2022-08-10,8.95,9.07,8.79,8.93,8.93,795000,795000,-0.02,-0.22346,8.93,"August 10, 22",-0.0022346,STKL
2022-08-09,8.95,8.95,8.68,8.84,8.84,782400,782400,-0.11,-1.23,8.82,"August 09, 22",-0.0123,STKL
2022-08-08,9.13,9.42,8.91,9.0,9.0,1135500,1135500,-0.13,-1.42,9.11,"August 08, 22",-0.0142,STKL
2022-08-05,8.84,9.07,8.68,9.01,9.01,719700,719700,0.17,1.92,8.92,"August 05, 22",0.0192,STKL
2022-08-04,8.95,9.15,8.74,8.91,8.91,723600,723600,-0.04,-0.44693,8.93,"August 04, 22",-0.0044693,STKL
2022-08-03,9.0,9.0,8.84,8.93,8.93,399200,399200,-0.07,-0.77778,8.92,"August 03, 22",-0.0077778,STKL
2022-08-02,9.01,9.04,8.82,8.89,8.89,579800,579800,-0.12,-1.33,8.92,"August 02, 22",-0.0133,STKL
2022-08-01,8.78,9.12,8.69,9.05,9.05,463600,463600,0.27,3.08,8.95,"August 01, 22",0.0308,STKL
2022-07-29,8.73,8.89,8.54,8.82,8.82,1916100,1916100,0.09,1.03,8.75,"July 29, 22",0.0103,STKL
2022-07-28,8.51,8.78,8.41,8.75,8.75,431700,431700,0.24,2.82,8.65,"July 28, 22",0.0282,STKL
2022-07-27,8.49,8.57,8.19,8.47,8.47,684300,684300,-0.02,-0.23557,8.41,"July 27, 22",-0.0023557,STKL
2022-07-26,8.67,8.71,8.29,8.43,8.43,555700,555700,-0.24,-2.77,8.48,"July 26, 22",-0.0277,STKL
2022-07-25,8.62,8.87,8.54,8.77,8.77,446100,446100,0.15,1.74,8.73,"July 25, 22",0.0174,STKL
2022-07-22,9.12,9.25,8.52,8.61,8.61,638100,638100,-0.51,-5.59,8.79,"July 22, 22",-0.0559,STKL
2022-07-21,9.09,9.22,8.89,9.12,9.12,804400,804400,0.03,0.33003,9.08,"July 21, 22",0.0033003,STKL
2022-07-20,9.16,9.27,8.94,9.04,9.04,928800,928800,-0.12,-1.31,9.08,"July 20, 22",-0.0131,STKL
2022-07-19,8.99,9.12,8.81,9.1,9.1,688200,688200,0.11,1.22,9.01,"July 19, 22",0.0122,STKL
2022-07-18,9.18,9.41,8.86,8.89,8.89,1390600,1390600,-0.29,-3.16,9.05,"July 18, 22",-0.0316,STKL
2022-07-15,9.03,9.03,8.76,9.02,9.02,760900,760900,-0.01,-0.11074,8.94,"July 15, 22",-0.0011074,STKL
2022-07-14,8.77,9.04,8.58,8.88,8.88,1368800,1368800,0.11,1.25,8.83,"July 14, 22",0.0125,STKL
2022-07-13,8.66,9.06,8.65,8.95,8.95,1013900,1013900,0.29,3.35,8.89,"July 13, 22",0.0335,STKL
2022-07-12,8.86,9.07,8.73,8.9,8.9,1094100,1094100,0.04,0.45147,8.9,"July 12, 22",0.0045147,STKL
2022-07-11,8.91,8.96,8.68,8.82,8.82,707900,707900,-0.09,-1.01,8.82,"July 11, 22",-0.0101,STKL
2022-07-08,8.96,9.12,8.82,8.95,8.95,880300,880300,-0.01,-0.11161,8.96,"July 08, 22",-0.0011161,STKL
2022-07-07,8.84,9.11,8.84,9.03,9.03,1317900,1317900,0.19,2.15,8.99,"July 07, 22",0.0215,STKL
2022-07-06,8.89,8.96,8.35,8.83,8.83,1674700,1674700,-0.06,-0.67492,8.71,"July 06, 22",-0.0067492,STKL
2022-07-05,8.36,8.79,8.1,8.78,8.78,2204900,2204900,0.42,5.02,8.56,"July 05, 22",0.0502,STKL
2022-07-01,7.77,8.36,7.6,8.35,8.35,1701300,1701300,0.58,7.46,8.1,"July 01, 22",0.0746,STKL
2022-06-30,7.48,7.8,7.32,7.78,7.78,1634900,1634900,0.3,4.01,7.63,"June 30, 22",0.0401,STKL
2022-06-29,7.62,7.77,7.48,7.61,7.61,1053100,1053100,-0.01,-0.13123,7.62,"June 29, 22",-0.0013123,STKL
2022-06-28,7.98,8.22,7.63,7.73,7.73,1517400,1517400,-0.25,-3.13,7.86,"June 28, 22",-0.0313,STKL
2022-06-27,7.98,7.99,7.68,7.96,7.96,948500,948500,-0.02,-0.25063,7.88,"June 27, 22",-0.0025063,STKL
2022-06-24,7.83,8.21,7.78,7.92,7.92,13936700,13936700,0.09,1.15,7.97,"June 24, 22",0.0115,STKL
2022-06-23,7.39,7.81,7.37,7.77,7.77,1815600,1815600,0.38,5.14,7.65,"June 23, 22",0.0514,STKL
2022-06-22,7.29,7.51,7.16,7.28,7.28,1149400,1149400,-0.01,-0.13717,7.32,"June 22, 22",-0.0013717,STKL
2022-06-21,7.29,7.67,7.28,7.33,7.33,1375200,1375200,0.04,0.5487,7.43,"June 21, 22",0.005487,STKL
2022-06-17,7.12,7.34,6.94,7.19,7.19,1571600,1571600,0.07,0.98315,7.16,"June 17, 22",0.0098315,STKL
2022-06-16,7.03,7.25,6.83,7.11,7.11,1515400,1515400,0.08,1.14,7.06,"June 16, 22",0.0114,STKL
2022-06-15,7.05,7.42,7.03,7.16,7.16,2101600,2101600,0.11,1.56,7.2,"June 15, 22",0.0156,STKL
2022-06-14,6.98,7.09,6.83,7.0,7.0,1799000,1799000,0.02,0.28653,6.97,"June 14, 22",0.0028653,STKL
2022-06-13,7.28,7.51,6.93,6.96,6.96,859300,859300,-0.32,-4.4,7.13,"June 13, 22",-0.044,STKL
2022-06-10,7.46,7.63,7.39,7.51,7.51,757600,757600,0.05,0.67024,7.51,"June 10, 22",0.0067024,STKL
2022-06-09,7.88,7.91,7.52,7.63,7.63,1041300,1041300,-0.25,-3.17,7.69,"June 09, 22",-0.0317,STKL
2022-06-08,7.55,8.1,7.5,7.89,7.89,1024700,1024700,0.34,4.5,7.83,"June 08, 22",0.045,STKL
2022-06-07,7.46,7.67,7.32,7.55,7.55,800800,800800,0.09,1.21,7.51,"June 07, 22",0.0121,STKL
2022-06-06,7.84,8.08,7.4,7.49,7.49,1350500,1350500,-0.35,-4.46,7.66,"June 06, 22",-0.0446,STKL
2022-06-03,7.74,8.19,7.55,7.63,7.63,1048700,1048700,-0.11,-1.42,7.79,"June 03, 22",-0.0142,STKL
2022-06-02,7.7,8.11,7.62,7.78,7.78,826500,826500,0.08,1.04,7.84,"June 02, 22",0.0104,STKL
2022-06-01,7.82,7.99,7.52,7.69,7.69,811800,811800,-0.13,-1.66,7.73,"June 01, 22",-0.0166,STKL
2022-05-31,8.0,8.39,7.64,7.78,7.78,1426300,1426300,-0.22,-2.75,7.94,"May 31, 22",-0.0275,STKL
2022-05-27,7.75,8.26,7.71,8.23,8.23,2145400,2145400,0.48,6.19,8.07,"May 27, 22",0.0619,STKL
2022-05-26,7.37,7.76,7.33,7.68,7.68,1540900,1540900,0.31,4.21,7.59,"May 26, 22",0.0421,STKL
2022-05-25,6.7,7.3,6.64,7.3,7.3,1001600,1001600,0.6,8.96,7.08,"May 25, 22",0.0896,STKL
2022-05-24,6.68,7.09,6.58,6.71,6.71,998500,998500,0.03,0.4491,6.79,"May 24, 22",0.004491,STKL
2022-05-23,7.15,7.27,6.97,7.04,7.04,733200,733200,-0.11,-1.54,7.09,"May 23, 22",-0.0154,STKL
2022-05-20,7.17,7.26,6.82,7.09,7.09,744900,744900,-0.08,-1.12,7.06,"May 20, 22",-0.0112,STKL
2022-05-19,7.13,7.27,6.91,7.01,7.01,816600,816600,-0.12,-1.68,7.06,"May 19, 22",-0.0168,STKL
2022-05-18,7.48,7.49,7.03,7.22,7.22,1202100,1202100,-0.26,-3.48,7.25,"May 18, 22",-0.0348,STKL
2022-05-17,7.83,7.93,7.52,7.68,7.68,1416300,1416300,-0.15,-1.92,7.71,"May 17, 22",-0.0192,STKL
2022-05-16,7.41,7.81,7.38,7.7,7.7,1909700,1909700,0.29,3.91,7.63,"May 16, 22",0.0391,STKL
2022-05-13,6.49,7.52,6.41,7.49,7.49,3644100,3644100,1.0,15.41,7.14,"May 13, 22",0.1541,STKL
2022-05-12,4.89,6.48,4.89,6.44,6.44,4038700,4038700,1.55,31.7,5.94,"May 12, 22",0.317,STKL
2022-05-11,5.11,5.36,4.85,4.89,4.89,950200,950200,-0.22,-4.31,5.03,"May 11, 22",-0.0431,STKL
2022-05-10,5.14,5.33,4.96,5.12,5.12,831600,831600,-0.02,-0.38911,5.14,"May 10, 22",-0.0038911,STKL
2022-05-09,5.37,5.45,5.13,5.15,5.15,797300,797300,-0.22,-4.1,5.24,"May 09, 22",-0.041,STKL
2022-05-06,5.85,5.85,5.33,5.52,5.52,807100,807100,-0.33,-5.64,5.57,"May 06, 22",-0.0564,STKL
2022-05-05,5.84,5.93,5.72,5.91,5.91,1066700,1066700,0.07,1.2,5.85,"May 05, 22",0.012,STKL
2022-05-04,5.63,5.96,5.58,5.93,5.93,1246500,1246500,0.3,5.33,5.82,"May 04, 22",0.0533,STKL
2022-05-03,5.68,5.92,5.51,5.62,5.62,738000,738000,-0.06,-1.06,5.68,"May 03, 22",-0.0106,STKL
2022-05-02,5.5,5.72,5.39,5.68,5.68,839700,839700,0.18,3.27,5.6,"May 02, 22",0.0327,STKL
2022-04-29,5.7,5.81,5.49,5.49,5.49,1006900,1006900,-0.21,-3.68,5.6,"April 29, 22",-0.0368,STKL
2022-04-28,5.51,5.62,5.38,5.62,5.62,986500,986500,0.11,2.0,5.54,"April 28, 22",0.02,STKL
2022-04-27,5.26,5.55,5.17,5.4,5.4,954200,954200,0.14,2.66,5.37,"April 27, 22",0.0266,STKL
2022-04-26,5.5,5.54,5.26,5.26,5.26,680100,680100,-0.24,-4.36,5.35,"April 26, 22",-0.0436,STKL
2022-04-25,5.41,5.54,5.21,5.51,5.51,884600,884600,0.1,1.85,5.42,"April 25, 22",0.0185,STKL
2022-04-22,5.58,5.69,5.44,5.48,5.48,371700,371700,-0.1,-1.79,5.54,"April 22, 22",-0.0179,STKL
2022-04-21,5.78,5.87,5.55,5.64,5.64,591100,591100,-0.14,-2.42,5.69,"April 21, 22",-0.0242,STKL
2022-04-20,5.81,5.81,5.64,5.69,5.69,471100,471100,-0.12,-2.07,5.71,"April 20, 22",-0.0207,STKL
2022-04-19,5.62,5.84,5.51,5.74,5.74,617000,617000,0.12,2.14,5.7,"April 19, 22",0.0214,STKL
2022-04-18,5.67,5.7,5.48,5.6,5.6,471500,471500,-0.07,-1.23,5.59,"April 18, 22",-0.0123,STKL
2022-04-14,5.98,5.98,5.68,5.71,5.71,557000,557000,-0.27,-4.52,5.79,"April 14, 22",-0.0452,STKL
2022-04-13,5.73,5.91,5.49,5.88,5.88,658700,658700,0.15,2.62,5.76,"April 13, 22",0.0262,STKL
2022-04-12,5.98,6.22,5.73,5.74,5.74,834900,834900,-0.24,-4.01,5.9,"April 12, 22",-0.0401,STKL
2022-04-11,5.9,5.98,5.76,5.89,5.89,837300,837300,-0.01,-0.16949,5.88,"April 11, 22",-0.0016949,STKL
2022-04-08,5.42,5.96,5.3,5.95,5.95,1743400,1743400,0.53,9.78,5.74,"April 08, 22",0.0978,STKL
2022-04-07,5.29,5.46,5.21,5.41,5.41,1094500,1094500,0.12,2.27,5.36,"April 07, 22",0.0227,STKL
2022-04-06,5.32,5.43,5.17,5.33,5.33,705800,705800,0.01,0.18797,5.31,"April 06, 22",0.0018797,STKL
2022-04-05,5.47,5.48,5.3,5.38,5.38,600200,600200,-0.09,-1.65,5.39,"April 05, 22",-0.0165,STKL
2022-04-04,5.23,5.5,5.14,5.45,5.45,513100,513100,0.22,4.21,5.36,"April 04, 22",0.0421,STKL
2022-04-01,5.03,5.16,4.85,5.14,5.14,706300,706300,0.11,2.19,5.05,"April 01, 22",0.0219,STKL
2022-03-31,5.2,5.2,5.0,5.02,5.02,602300,602300,-0.18,-3.46,5.07,"March 31, 22",-0.0346,STKL
2022-03-30,5.49,5.49,5.19,5.22,5.22,515500,515500,-0.27,-4.92,5.3,"March 30, 22",-0.0492,STKL
2022-03-29,5.23,5.5,5.23,5.43,5.43,514000,514000,0.2,3.82,5.39,"March 29, 22",0.0382,STKL
2022-03-28,5.25,5.25,5.06,5.19,5.19,302000,302000,-0.06,-1.14,5.17,"March 28, 22",-0.0114,STKL
2022-03-25,5.22,5.33,5.14,5.19,5.19,439000,439000,-0.03,-0.57471,5.22,"March 25, 22",-0.0057471,STKL
2022-03-24,5.26,5.27,5.16,5.24,5.24,412500,412500,-0.02,-0.38023,5.22,"March 24, 22",-0.0038023,STKL
2022-03-23,5.2,5.37,5.2,5.23,5.23,497700,497700,0.03,0.57692,5.27,"March 23, 22",0.0057692,STKL
2022-03-22,5.24,5.36,5.17,5.29,5.29,488600,488600,0.05,0.9542,5.27,"March 22, 22",0.009542,STKL
2022-03-21,5.29,5.45,5.17,5.19,5.19,539200,539200,-0.1,-1.89,5.27,"March 21, 22",-0.0189,STKL
2022-03-18,4.99,5.3,4.99,5.28,5.28,574000,574000,0.29,5.81,5.19,"March 18, 22",0.0581,STKL
2022-03-17,4.87,5.04,4.83,5.04,5.04,653300,653300,0.17,3.49,4.97,"March 17, 22",0.0349,STKL
2022-03-16,4.77,4.89,4.68,4.89,4.89,472900,472900,0.12,2.52,4.82,"March 16, 22",0.0252,STKL
2022-03-15,4.59,4.72,4.59,4.68,4.68,265800,265800,0.09,1.96,4.66,"March 15, 22",0.0196,STKL
2022-03-14,4.62,4.77,4.53,4.55,4.55,657500,657500,-0.07,-1.52,4.62,"March 14, 22",-0.0152,STKL
2022-03-11,5.0,5.0,4.59,4.59,4.59,1184600,1184600,-0.41,-8.2,4.73,"March 11, 22",-0.082,STKL
2022-03-10,4.96,4.97,4.79,4.9,4.9,517900,517900,-0.06,-1.21,4.89,"March 10, 22",-0.0121,STKL
2022-03-09,4.93,5.09,4.87,5.07,5.07,461700,461700,0.14,2.84,5.01,"March 09, 22",0.0284,STKL
2022-03-08,4.76,4.89,4.66,4.82,4.82,448500,448500,0.06,1.26,4.79,"March 08, 22",0.0126,STKL
2022-03-07,4.9,4.91,4.64,4.72,4.72,1091500,1091500,-0.18,-3.67,4.76,"March 07, 22",-0.0367,STKL
2022-03-04,5.03,5.07,4.86,4.9,4.9,565300,565300,-0.13,-2.58,4.94,"March 04, 22",-0.0258,STKL
2022-03-03,5.25,5.27,5.09,5.1,5.1,338000,338000,-0.15,-2.86,5.15,"March 03, 22",-0.0286,STKL
2022-03-02,5.12,5.23,5.06,5.21,5.21,541700,541700,0.09,1.76,5.17,"March 02, 22",0.0176,STKL
2022-03-01,5.3,5.39,5.09,5.12,5.12,601600,601600,-0.18,-3.4,5.2,"March 01, 22",-0.034,STKL
2022-02-28,5.4,5.54,5.21,5.33,5.33,947300,947300,-0.07,-1.3,5.36,"February 28, 22",-0.013,STKL
2022-02-25,5.07,5.46,5.0,5.45,5.45,907300,907300,0.38,7.5,5.3,"February 25, 22",0.075,STKL
2022-02-24,4.39,5.09,4.22,5.08,5.08,1448200,1448200,0.69,15.72,4.8,"February 24, 22",0.1572,STKL
2022-02-23,4.73,4.75,4.61,4.61,4.61,597800,597800,-0.12,-2.54,4.66,"February 23, 22",-0.0254,STKL
2022-02-22,4.75,4.75,4.53,4.71,4.71,781800,781800,-0.04,-0.84211,4.66,"February 22, 22",-0.0084211,STKL
2022-02-18,4.89,4.94,4.77,4.78,4.78,290400,290400,-0.11,-2.25,4.83,"February 18, 22",-0.0225,STKL
2022-02-17,4.92,4.95,4.82,4.91,4.91,541100,541100,-0.01,-0.20325,4.89,"February 17, 22",-0.0020325,STKL
2022-02-16,5.05,5.08,4.96,4.97,4.97,612200,612200,-0.08,-1.58,5.0,"February 16, 22",-0.0158,STKL
2022-02-15,4.86,5.07,4.81,5.05,5.05,585200,585200,0.19,3.91,4.98,"February 15, 22",0.0391,STKL
2022-02-14,5.03,5.03,4.79,4.81,4.81,701200,701200,-0.22,-4.37,4.88,"February 14, 22",-0.0437,STKL
2022-02-11,5.04,5.15,4.95,4.97,4.97,511300,511300,-0.07,-1.39,5.02,"February 11, 22",-0.0139,STKL
2022-02-10,5.17,5.28,5.01,5.04,5.04,242600,242600,-0.13,-2.51,5.11,"February 10, 22",-0.0251,STKL
2022-02-09,5.13,5.34,5.1,5.3,5.3,587100,587100,0.17,3.31,5.25,"February 09, 22",0.0331,STKL
2022-02-08,4.98,5.08,4.84,5.05,5.05,1253800,1253800,0.07,1.41,4.99,"February 08, 22",0.0141,STKL
2022-02-07,5.01,5.16,4.96,5.01,5.01,391300,391300,0.0,0.0,5.04,"February 07, 22",0.0,STKL
2022-02-04,5.0,5.01,4.84,4.96,4.96,430700,430700,-0.04,-0.8,4.94,"February 04, 22",-0.008,STKL
2022-02-03,5.06,5.17,4.97,5.0,5.0,496900,496900,-0.06,-1.19,5.05,"February 03, 22",-0.0119,STKL
2022-02-02,5.31,5.31,5.08,5.09,5.09,377800,377800,-0.22,-4.14,5.16,"February 02, 22",-0.0414,STKL
2022-02-01,5.24,5.29,5.09,5.29,5.29,424000,424000,0.05,0.9542,5.22,"February 01, 22",0.009542,STKL
2022-01-31,4.75,5.25,4.75,5.24,5.24,959700,959700,0.49,10.32,5.08,"January 31, 22",0.1032,STKL
2022-01-28,4.63,4.78,4.5,4.75,4.75,948200,948200,0.12,2.59,4.68,"January 28, 22",0.0259,STKL
2022-01-27,4.87,4.97,4.6,4.65,4.65,796600,796600,-0.22,-4.52,4.74,"January 27, 22",-0.0452,STKL
2022-01-26,5.05,5.15,4.8,4.84,4.84,741000,741000,-0.21,-4.16,4.93,"January 26, 22",-0.0416,STKL
2022-01-25,5.0,5.13,4.95,5.04,5.04,846300,846300,0.04,0.8,5.04,"January 25, 22",0.008,STKL
2022-01-24,4.97,5.2,4.86,5.15,5.15,1116700,1116700,0.18,3.62,5.07,"January 24, 22",0.0362,STKL
2022-01-21,5.21,5.24,5.03,5.04,5.04,665600,665600,-0.17,-3.26,5.1,"January 21, 22",-0.0326,STKL
2022-01-20,5.49,5.6,5.23,5.26,5.26,691700,691700,-0.23,-4.19,5.36,"January 20, 22",-0.0419,STKL
2022-01-19,5.31,5.52,5.16,5.46,5.46,1285700,1285700,0.15,2.82,5.38,"January 19, 22",0.0282,STKL
2022-01-18,5.89,5.89,5.05,5.19,5.19,2112600,2112600,-0.7,-11.88,5.38,"January 18, 22",-0.1188,STKL
2022-01-14,5.96,5.96,5.77,5.88,5.88,562100,562100,-0.08,-1.34,5.87,"January 14, 22",-0.0134,STKL
2022-01-13,6.09,6.17,5.92,6.0,6.0,547200,547200,-0.09,-1.48,6.03,"January 13, 22",-0.0148,STKL
2022-01-12,6.19,6.34,6.02,6.04,6.04,790400,790400,-0.15,-2.42,6.13,"January 12, 22",-0.0242,STKL
2022-01-11,6.3,6.4,6.09,6.19,6.19,734600,734600,-0.11,-1.75,6.23,"January 11, 22",-0.0175,STKL
2022-01-10,6.59,6.61,6.2,6.26,6.26,532100,532100,-0.33,-5.01,6.36,"January 10, 22",-0.0501,STKL
2022-01-07,6.64,6.78,6.4,6.59,6.59,623100,623100,-0.05,-0.75301,6.59,"January 07, 22",-0.0075301,STKL
2022-01-06,6.68,6.87,6.62,6.69,6.69,366800,366800,0.01,0.1497,6.73,"January 06, 22",0.001497,STKL
2022-01-05,7.22,7.22,6.66,6.72,6.72,831200,831200,-0.5,-6.93,6.87,"January 05, 22",-0.0693,STKL
2022-01-04,7.38,7.45,7.09,7.22,7.22,664400,664400,-0.16,-2.17,7.25,"January 04, 22",-0.0217,STKL
2022-01-03,6.96,7.41,6.94,7.38,7.38,1096900,1096900,0.42,6.03,7.24,"January 03, 22",0.0603,STKL
2021-12-31,6.84,6.98,6.83,6.95,6.95,592000,592000,0.11,1.61,6.92,"December 31, 21",0.0161,STKL
2021-12-30,6.56,6.99,6.56,6.83,6.83,717300,717300,0.27,4.12,6.79,"December 30, 21",0.0412,STKL
2021-12-29,6.81,6.83,6.59,6.59,6.59,557100,557100,-0.22,-3.23,6.67,"December 29, 21",-0.0323,STKL
2021-12-28,6.82,6.95,6.69,6.79,6.79,1091100,1091100,-0.03,-0.43988,6.81,"December 28, 21",-0.0043988,STKL
2021-12-27,6.83,6.99,6.72,6.9,6.9,639700,639700,0.07,1.02,6.87,"December 27, 21",0.0102,STKL
2021-12-23,6.84,6.89,6.69,6.8,6.8,682700,682700,-0.04,-0.5848,6.79,"December 23, 21",-0.005848,STKL
2021-12-22,6.93,7.01,6.81,6.91,6.91,973500,973500,-0.02,-0.2886,6.91,"December 22, 21",-0.002886,STKL
2021-12-21,6.72,6.96,6.61,6.9,6.9,965200,965200,0.18,2.68,6.82,"December 21, 21",0.0268,STKL
2021-12-20,6.59,6.82,6.35,6.73,6.73,1347900,1347900,0.14,2.12,6.63,"December 20, 21",0.0212,STKL
2021-12-17,6.35,6.72,6.34,6.6,6.6,905100,905100,0.25,3.94,6.55,"December 17, 21",0.0394,STKL
2021-12-16,6.31,6.45,6.2,6.37,6.37,933000,933000,0.06,0.95087,6.34,"December 16, 21",0.0095087,STKL
2021-12-15,6.25,6.27,5.97,6.24,6.24,704200,704200,-0.01,-0.16,6.16,"December 15, 21",-0.0016,STKL
2021-12-14,6.22,6.35,6.15,6.24,6.24,772300,772300,0.02,0.32154,6.25,"December 14, 21",0.0032154,STKL
2021-12-13,6.46,6.55,6.15,6.23,6.23,731600,731600,-0.23,-3.56,6.31,"December 13, 21",-0.0356,STKL
2021-12-10,6.56,6.69,6.28,6.46,6.46,710500,710500,-0.1,-1.52,6.48,"December 10, 21",-0.0152,STKL
2021-12-09,6.49,6.85,6.45,6.62,6.62,1384700,1384700,0.13,2.0,6.64,"December 09, 21",0.02,STKL
2021-12-08,6.41,6.56,6.28,6.52,6.52,747300,747300,0.11,1.72,6.45,"December 08, 21",0.0172,STKL
2021-12-07,6.26,6.46,6.26,6.44,6.44,794200,794200,0.18,2.88,6.39,"December 07, 21",0.0288,STKL
2021-12-06,5.95,6.19,5.88,6.18,6.18,1011100,1011100,0.23,3.87,6.08,"December 06, 21",0.0387,STKL
2021-12-03,6.14,6.17,5.9,5.93,5.93,1074900,1074900,-0.21,-3.42,6.0,"December 03, 21",-0.0342,STKL
2021-12-02,5.87,6.14,5.81,6.07,6.07,716000,716000,0.2,3.41,6.01,"December 02, 21",0.0341,STKL
2021-12-01,6.07,6.22,5.84,5.87,5.87,1243500,1243500,-0.2,-3.29,5.98,"December 01, 21",-0.0329,STKL
2021-11-30,6.0,6.09,5.86,5.97,5.97,970600,970600,-0.03,-0.5,5.97,"November 30, 21",-0.005,STKL
2021-11-29,6.36,6.36,6.08,6.1,6.1,843500,843500,-0.26,-4.09,6.18,"November 29, 21",-0.0409,STKL
2021-11-26,6.26,6.33,6.09,6.31,6.31,582100,582100,0.05,0.79872,6.24,"November 26, 21",0.0079872,STKL
2021-11-24,6.5,6.58,6.44,6.46,6.46,522900,522900,-0.04,-0.61538,6.49,"November 24, 21",-0.0061538,STKL
2021-11-23,6.56,6.67,6.49,6.53,6.53,582900,582900,-0.03,-0.45732,6.56,"November 23, 21",-0.0045732,STKL
2021-11-22,6.62,6.64,6.5,6.56,6.56,641400,641400,-0.06,-0.90634,6.57,"November 22, 21",-0.0090634,STKL
2021-11-19,6.6,6.82,6.56,6.64,6.64,690900,690900,0.04,0.60606,6.67,"November 19, 21",0.0060606,STKL
2021-11-18,6.63,6.72,6.42,6.62,6.62,1359200,1359200,-0.01,-0.15083,6.59,"November 18, 21",-0.0015083,STKL
2021-11-17,6.78,6.9,6.62,6.66,6.66,607100,607100,-0.12,-1.77,6.73,"November 17, 21",-0.0177,STKL
2021-11-16,6.82,6.98,6.65,6.78,6.78,910200,910200,-0.04,-0.58651,6.8,"November 16, 21",-0.0058651,STKL
2021-11-15,7.12,7.18,6.74,6.78,6.78,1115600,1115600,-0.34,-4.78,6.9,"November 15, 21",-0.0478,STKL
2021-11-12,6.62,7.1,6.58,7.08,7.08,1994600,1994600,0.46,6.95,6.92,"November 12, 21",0.0695,STKL
2021-11-11,6.73,6.84,6.39,6.56,6.56,2069800,2069800,-0.17,-2.53,6.6,"November 11, 21",-0.0253,STKL
2021-11-10,7.54,7.54,6.6,6.73,6.73,2150500,2150500,-0.81,-10.74,6.96,"November 10, 21",-0.1074,STKL
2021-11-09,7.76,7.79,7.64,7.74,7.74,604500,604500,-0.02,-0.25773,7.72,"November 09, 21",-0.0025773,STKL
2021-11-08,7.67,7.79,7.57,7.72,7.72,389300,389300,0.05,0.65189,7.69,"November 08, 21",0.0065189,STKL
2021-11-05,7.55,7.68,7.45,7.66,7.66,507200,507200,0.11,1.46,7.6,"November 05, 21",0.0146,STKL
2021-11-04,7.83,7.85,7.38,7.49,7.49,876200,876200,-0.34,-4.34,7.57,"November 04, 21",-0.0434,STKL
2021-11-03,7.68,7.85,7.66,7.81,7.81,370800,370800,0.13,1.69,7.77,"November 03, 21",0.0169,STKL
2021-11-02,7.8,7.8,7.42,7.72,7.72,648700,648700,-0.08,-1.03,7.65,"November 02, 21",-0.0103,STKL
2021-11-01,7.76,7.97,7.73,7.81,7.81,1029500,1029500,0.05,0.64433,7.84,"November 01, 21",0.0064433,STKL
2021-10-29,7.55,7.81,7.48,7.76,7.76,890300,890300,0.21,2.78,7.68,"October 29, 21",0.0278,STKL
2021-10-28,7.46,7.76,7.41,7.58,7.58,1026200,1026200,0.12,1.61,7.58,"October 28, 21",0.0161,STKL
2021-10-27,7.82,7.82,7.4,7.46,7.46,1607600,1607600,-0.36,-4.6,7.56,"October 27, 21",-0.046,STKL
2021-10-26,8.16,8.24,7.79,7.82,7.82,647900,647900,-0.34,-4.17,7.95,"October 26, 21",-0.0417,STKL
2021-10-25,8.08,8.29,8.08,8.2,8.2,783900,783900,0.12,1.49,8.19,"October 25, 21",0.0149,STKL
2021-10-22,8.0,8.14,7.85,8.08,8.08,1956700,1956700,0.08,1.0,8.02,"October 22, 21",0.01,STKL
2021-10-21,8.01,8.14,7.94,8.0,8.0,662400,662400,-0.01,-0.12484,8.03,"October 21, 21",-0.0012484,STKL
2021-10-20,7.88,8.14,7.76,8.01,8.01,972200,972200,0.13,1.65,7.97,"October 20, 21",0.0165,STKL
2021-10-19,8.21,8.21,7.83,7.85,7.85,1613900,1613900,-0.36,-4.38,7.96,"October 19, 21",-0.0438,STKL
2021-10-18,8.1,8.3,8.07,8.14,8.14,400600,400600,0.04,0.49383,8.17,"October 18, 21",0.0049383,STKL
2021-10-15,8.53,8.53,8.07,8.16,8.16,1197100,1197100,-0.37,-4.34,8.25,"October 15, 21",-0.0434,STKL
2021-10-14,8.75,8.75,8.4,8.43,8.43,771400,771400,-0.32,-3.66,8.53,"October 14, 21",-0.0366,STKL
2021-10-13,8.93,9.01,8.7,8.71,8.71,265100,265100,-0.22,-2.46,8.81,"October 13, 21",-0.0246,STKL
2021-10-12,8.82,8.93,8.68,8.88,8.88,311500,311500,0.06,0.68027,8.83,"October 12, 21",0.0068027,STKL
2021-10-11,8.55,8.88,8.5,8.77,8.77,481300,481300,0.22,2.57,8.72,"October 11, 21",0.0257,STKL
2021-10-08,8.72,8.75,8.59,8.59,8.59,302700,302700,-0.13,-1.49,8.64,"October 08, 21",-0.0149,STKL
2021-10-07,8.73,8.97,8.71,8.73,8.73,283000,283000,0.0,0.0,8.8,"October 07, 21",0.0,STKL
2021-10-06,8.72,8.73,8.41,8.69,8.69,469800,469800,-0.03,-0.34404,8.61,"October 06, 21",-0.0034404,STKL
2021-10-05,8.7,8.88,8.66,8.85,8.85,567500,567500,0.15,1.72,8.8,"October 05, 21",0.0172,STKL
2021-10-04,8.77,8.85,8.64,8.69,8.69,422000,422000,-0.08,-0.9122,8.73,"October 04, 21",-0.009122,STKL
2021-10-01,8.95,9.0,8.75,8.78,8.78,554900,554900,-0.17,-1.9,8.84,"October 01, 21",-0.019,STKL
2021-09-30,9.24,9.26,8.88,8.93,8.93,673500,673500,-0.31,-3.35,9.02,"September 30, 21",-0.0335,STKL
2021-09-29,8.94,9.23,8.84,9.19,9.19,594700,594700,0.25,2.8,9.09,"September 29, 21",0.028,STKL
2021-09-28,9.12,9.2,8.72,8.84,8.84,2361800,2361800,-0.28,-3.07,8.92,"September 28, 21",-0.0307,STKL
2021-09-27,8.77,9.32,8.75,9.18,9.18,1084600,1084600,0.41,4.68,9.08,"September 27, 21",0.0468,STKL
2021-09-24,8.95,9.04,8.74,8.8,8.8,444200,444200,-0.15,-1.68,8.86,"September 24, 21",-0.0168,STKL
2021-09-23,8.88,9.02,8.77,9.0,9.0,494600,494600,0.12,1.35,8.93,"September 23, 21",0.0135,STKL
2021-09-22,8.81,8.95,8.74,8.79,8.79,316400,316400,-0.02,-0.22701,8.83,"September 22, 21",-0.0022701,STKL
2021-09-21,8.68,8.95,8.64,8.77,8.77,368500,368500,0.09,1.04,8.79,"September 21, 21",0.0104,STKL
2021-09-20,8.92,8.96,8.47,8.61,8.61,364000,364000,-0.31,-3.48,8.68,"September 20, 21",-0.0348,STKL
2021-09-17,8.8,9.1,8.76,9.01,9.01,388300,388300,0.21,2.39,8.96,"September 17, 21",0.0239,STKL
2021-09-16,8.89,8.93,8.68,8.77,8.77,620700,620700,-0.12,-1.35,8.79,"September 16, 21",-0.0135,STKL
2021-09-15,9.14,9.22,8.86,8.89,8.89,446000,446000,-0.25,-2.74,8.99,"September 15, 21",-0.0274,STKL
2021-09-14,9.33,9.45,9.08,9.13,9.13,271000,271000,-0.2,-2.14,9.22,"September 14, 21",-0.0214,STKL
2021-09-13,9.56,9.63,9.3,9.35,9.35,362900,362900,-0.21,-2.2,9.43,"September 13, 21",-0.022,STKL
2021-09-10,9.59,9.83,9.33,9.56,9.56,933900,933900,-0.03,-0.31283,9.57,"September 10, 21",-0.0031283,STKL
2021-09-09,9.61,9.64,9.26,9.28,9.28,721200,721200,-0.33,-3.43,9.39,"September 09, 21",-0.0343,STKL
2021-09-08,9.65,9.73,9.5,9.63,9.63,296600,296600,-0.02,-0.20725,9.62,"September 08, 21",-0.0020725,STKL
2021-09-07,9.6,9.76,9.58,9.7,9.7,236500,236500,0.1,1.04,9.68,"September 07, 21",0.0104,STKL
2021-09-03,9.61,9.77,9.54,9.64,9.64,379800,379800,0.03,0.31217,9.65,"September 03, 21",0.0031217,STKL
2021-09-02,9.65,9.93,9.65,9.67,9.67,258600,258600,0.02,0.20725,9.75,"September 02, 21",0.0020725,STKL
2021-09-01,9.43,9.72,9.43,9.65,9.65,293200,293200,0.22,2.33,9.6,"September 01, 21",0.0233,STKL
2021-08-31,9.46,9.52,9.3,9.43,9.43,466000,466000,-0.03,-0.31712,9.42,"August 31, 21",-0.0031712,STKL
2021-08-30,9.93,9.98,9.39,9.41,9.41,896400,896400,-0.52,-5.24,9.59,"August 30, 21",-0.0524,STKL
2021-08-27,9.54,10.05,9.54,9.93,9.93,508800,508800,0.39,4.09,9.84,"August 27, 21",0.0409,STKL
2021-08-26,9.48,9.78,9.39,9.54,9.54,438700,438700,0.06,0.63291,9.57,"August 26, 21",0.0063291,STKL
2021-08-25,9.57,9.62,9.38,9.45,9.45,526900,526900,-0.12,-1.25,9.48,"August 25, 21",-0.0125,STKL
2021-08-24,9.48,9.76,9.41,9.59,9.59,547400,547400,0.11,1.16,9.59,"August 24, 21",0.0116,STKL
2021-08-23,9.59,9.74,9.23,9.55,9.55,1595800,1595800,-0.04,-0.4171,9.51,"August 23, 21",-0.004171,STKL
2021-08-20,9.29,9.61,9.29,9.54,9.54,313300,313300,0.25,2.69,9.48,"August 20, 21",0.0269,STKL
2021-08-19,9.56,9.64,9.21,9.29,9.29,430200,430200,-0.27,-2.82,9.38,"August 19, 21",-0.0282,STKL
2021-08-18,9.72,9.9,9.57,9.66,9.66,374900,374900,-0.06,-0.61728,9.71,"August 18, 21",-0.0061728,STKL
2021-08-17,9.91,9.97,9.65,9.78,9.78,364400,364400,-0.13,-1.31,9.8,"August 17, 21",-0.0131,STKL
2021-08-16,10.13,10.17,9.89,10.0,10.0,553600,553600,-0.13,-1.28,10.02,"August 16, 21",-0.0128,STKL
2021-08-13,10.4,10.46,10.16,10.23,10.23,543200,543200,-0.17,-1.63,10.28,"August 13, 21",-0.0163,STKL
2021-08-12,9.99,10.41,9.93,10.31,10.31,979700,979700,0.32,3.2,10.22,"August 12, 21",0.032,STKL
2021-08-11,10.06,10.18,8.75,10.02,10.02,2973600,2973600,-0.04,-0.39761,9.65,"August 11, 21",-0.0039761,STKL
2021-08-10,10.87,10.96,10.47,10.69,10.69,431300,431300,-0.18,-1.66,10.71,"August 10, 21",-0.0166,STKL
2021-08-09,10.43,11.01,10.43,10.87,10.87,775500,775500,0.44,4.22,10.77,"August 09, 21",0.0422,STKL
2021-08-06,10.42,10.51,10.23,10.44,10.44,288000,288000,0.02,0.19194,10.39,"August 06, 21",0.0019194,STKL
2021-08-05,10.22,10.46,10.21,10.37,10.37,227300,227300,0.15,1.47,10.35,"August 05, 21",0.0147,STKL
2021-08-04,10.5,10.57,10.24,10.28,10.28,462500,462500,-0.22,-2.1,10.36,"August 04, 21",-0.021,STKL
2021-08-03,10.42,10.7,10.33,10.56,10.56,309300,309300,0.14,1.34,10.53,"August 03, 21",0.0134,STKL
2021-08-02,10.3,10.63,10.3,10.43,10.43,214000,214000,0.13,1.26,10.45,"August 02, 21",0.0126,STKL
2021-07-30,10.5,10.64,10.28,10.5,10.5,381600,381600,0.0,0.0,10.47,"July 30, 21",0.0,STKL
2021-07-29,10.72,10.8,10.54,10.57,10.57,384700,384700,-0.15,-1.4,10.64,"July 29, 21",-0.014,STKL
2021-07-28,10.42,10.7,10.42,10.63,10.63,305400,305400,0.21,2.02,10.58,"July 28, 21",0.0202,STKL
2021-07-27,10.68,10.76,10.34,10.45,10.45,642400,642400,-0.23,-2.15,10.52,"July 27, 21",-0.0215,STKL
2021-07-26,10.51,11.02,10.44,10.79,10.79,429500,429500,0.28,2.66,10.75,"July 26, 21",0.0266,STKL
2021-07-23,10.55,10.72,10.42,10.61,10.61,526300,526300,0.06,0.56872,10.58,"July 23, 21",0.0056872,STKL
2021-07-22,11.0,11.0,10.41,10.46,10.46,424600,424600,-0.54,-4.91,10.62,"July 22, 21",-0.0491,STKL
2021-07-21,11.11,11.28,10.88,11.04,11.04,477800,477800,-0.07,-0.63006,11.07,"July 21, 21",-0.0063006,STKL
2021-07-20,10.85,11.17,10.78,11.05,11.05,509300,509300,0.2,1.84,11.0,"July 20, 21",0.0184,STKL
2021-07-19,10.69,10.84,10.61,10.75,10.75,340300,340300,0.06,0.56127,10.73,"July 19, 21",0.0056127,STKL
2021-07-16,11.17,11.44,10.84,10.97,10.97,744400,744400,-0.2,-1.79,11.08,"July 16, 21",-0.0179,STKL
2021-07-15,11.11,11.18,10.72,11.09,11.09,758600,758600,-0.02,-0.18002,11.0,"July 15, 21",-0.0018002,STKL
2021-07-14,11.0,11.36,10.88,11.11,11.11,856300,856300,0.11,1.0,11.12,"July 14, 21",0.01,STKL
2021-07-13,11.83,11.83,11.25,11.27,11.27,567500,567500,-0.56,-4.73,11.45,"July 13, 21",-0.0473,STKL
2021-07-12,12.25,12.35,11.89,11.91,11.91,604300,604300,-0.34,-2.78,12.05,"July 12, 21",-0.0278,STKL
2021-07-09,11.5,12.34,11.5,12.33,12.33,819500,819500,0.83,7.22,12.06,"July 09, 21",0.0722,STKL
2021-07-08,11.58,11.58,11.24,11.36,11.36,548500,548500,-0.22,-1.9,11.39,"July 08, 21",-0.019,STKL
2021-07-07,11.73,12.03,11.6,11.62,11.62,994800,994800,-0.11,-0.93777,11.75,"July 07, 21",-0.0093777,STKL
2021-07-06,12.25,12.26,11.71,11.75,11.75,498400,498400,-0.5,-4.08,11.91,"July 06, 21",-0.0408,STKL
2021-07-02,12.29,12.29,12.13,12.26,12.26,416200,416200,-0.03,-0.2441,12.23,"July 02, 21",-0.002441,STKL
2021-07-01,12.28,12.3,12.12,12.23,12.23,267800,267800,-0.05,-0.40717,12.22,"July 01, 21",-0.0040717,STKL
2021-06-30,12.19,12.34,12.17,12.24,12.24,414600,414600,0.05,0.41017,12.25,"June 30, 21",0.0041017,STKL
2021-06-29,12.23,12.28,12.15,12.21,12.21,542100,542100,-0.02,-0.16353,12.21,"June 29, 21",-0.0016353,STKL
2021-06-28,12.14,12.27,12.09,12.23,12.23,560300,560300,0.09,0.74135,12.2,"June 28, 21",0.0074135,STKL
2021-06-25,12.79,12.85,12.07,12.11,12.11,761900,761900,-0.68,-5.32,12.34,"June 25, 21",-0.0532,STKL
2021-06-24,12.28,12.83,12.2,12.8,12.8,698900,698900,0.52,4.23,12.61,"June 24, 21",0.0423,STKL
2021-06-23,12.15,12.36,11.75,12.29,12.29,571800,571800,0.14,1.15,12.13,"June 23, 21",0.0115,STKL
2021-06-22,12.52,12.6,12.13,12.21,12.21,849100,849100,-0.31,-2.48,12.31,"June 22, 21",-0.0248,STKL
2021-06-21,12.2,12.7,12.18,12.47,12.47,1077600,1077600,0.27,2.21,12.45,"June 21, 21",0.0221,STKL
2021-06-18,12.68,12.73,12.23,12.27,12.27,656300,656300,-0.41,-3.23,12.41,"June 18, 21",-0.0323,STKL
2021-06-17,12.72,12.85,12.49,12.74,12.74,423000,423000,0.02,0.15723,12.69,"June 17, 21",0.0015723,STKL
2021-06-16,13.19,13.24,12.72,12.8,12.8,742200,742200,-0.39,-2.96,12.92,"June 16, 21",-0.0296,STKL
2021-06-15,13.13,13.25,12.76,13.17,13.17,949900,949900,0.04,0.30465,13.06,"June 15, 21",0.0030465,STKL
2021-06-14,13.25,13.4,13.0,13.09,13.09,397300,397300,-0.16,-1.21,13.16,"June 14, 21",-0.0121,STKL
2021-06-11,13.7,13.72,13.15,13.25,13.25,525400,525400,-0.45,-3.28,13.37,"June 11, 21",-0.0328,STKL
2021-06-10,13.46,13.67,13.46,13.65,13.65,671700,671700,0.19,1.41,13.59,"June 10, 21",0.0141,STKL
2021-06-09,13.41,13.62,13.29,13.51,13.51,467600,467600,0.1,0.74571,13.47,"June 09, 21",0.0074571,STKL
2021-06-08,13.45,13.59,13.07,13.4,13.4,728300,728300,-0.05,-0.37175,13.35,"June 08, 21",-0.0037175,STKL
2021-06-07,13.03,13.55,13.01,13.43,13.43,850800,850800,0.4,3.07,13.33,"June 07, 21",0.0307,STKL
2021-06-04,13.18,13.2,12.84,12.96,12.96,342200,342200,-0.22,-1.67,13.0,"June 04, 21",-0.0167,STKL
2021-06-03,13.14,13.31,12.94,13.05,13.05,768800,768800,-0.09,-0.68493,13.1,"June 03, 21",-0.0068493,STKL
2021-06-02,12.63,13.31,12.52,13.24,13.24,1155100,1155100,0.61,4.83,13.02,"June 02, 21",0.0483,STKL
2021-06-01,12.86,13.06,12.6,12.66,12.66,858100,858100,-0.2,-1.56,12.77,"June 01, 21",-0.0156,STKL
2021-05-28,12.81,12.81,12.4,12.5,12.5,418300,418300,-0.31,-2.42,12.57,"May 28, 21",-0.0242,STKL
2021-05-27,12.51,12.79,12.44,12.5,12.5,788200,788200,-0.01,-0.07993605,12.58,"May 27, 21",-0.0007993605,STKL
2021-05-26,12.58,12.62,12.38,12.42,12.42,1354900,1354900,-0.16,-1.27,12.47,"May 26, 21",-0.0127,STKL
2021-05-25,13.21,13.29,12.5,12.58,12.58,1192000,1192000,-0.63,-4.77,12.79,"May 25, 21",-0.0477,STKL
2021-05-24,13.29,13.4,13.15,13.2,13.2,735000,735000,-0.09,-0.6772,13.25,"May 24, 21",-0.006772,STKL
2021-05-21,12.96,13.28,12.89,13.25,13.25,756200,756200,0.29,2.24,13.14,"May 21, 21",0.0224,STKL
2021-05-20,12.73,13.46,12.62,12.96,12.96,1486200,1486200,0.23,1.81,13.01,"May 20, 21",0.0181,STKL
2021-05-19,12.45,12.68,12.11,12.58,12.58,1245200,1245200,0.13,1.04,12.46,"May 19, 21",0.0104,STKL
2021-05-18,12.65,12.8,12.52,12.65,12.65,1072400,1072400,0.0,0.0,12.66,"May 18, 21",0.0,STKL
2021-05-17,12.36,12.63,12.26,12.55,12.55,1440400,1440400,0.19,1.54,12.48,"May 17, 21",0.0154,STKL
2021-05-14,12.5,12.65,11.99,12.32,12.32,998000,998000,-0.18,-1.44,12.32,"May 14, 21",-0.0144,STKL
2021-05-13,11.74,12.54,11.71,12.45,12.45,2189700,2189700,0.71,6.05,12.23,"May 13, 21",0.0605,STKL
2021-05-12,11.06,11.86,11.03,11.6,11.6,2470800,2470800,0.54,4.88,11.5,"May 12, 21",0.0488,STKL
2021-05-11,10.75,11.28,10.59,11.22,11.22,1331300,1331300,0.47,4.37,11.03,"May 11, 21",0.0437,STKL
2021-05-10,11.4,11.41,10.86,11.08,11.08,1439600,1439600,-0.32,-2.81,11.12,"May 10, 21",-0.0281,STKL
2021-05-07,11.6,11.82,11.31,11.39,11.39,654600,654600,-0.21,-1.81,11.51,"May 07, 21",-0.0181,STKL
2021-05-06,11.79,11.87,11.43,11.58,11.58,720300,720300,-0.21,-1.78,11.63,"May 06, 21",-0.0178,STKL
2021-05-05,11.87,12.03,11.72,11.78,11.78,547900,547900,-0.09,-0.75821,11.84,"May 05, 21",-0.0075821,STKL
2021-05-04,11.76,11.92,11.57,11.8,11.8,976400,976400,0.04,0.34014,11.76,"May 04, 21",0.0034014,STKL
2021-05-03,12.4,12.5,11.95,12.0,12.0,1157200,1157200,-0.4,-3.23,12.15,"May 03, 21",-0.0323,STKL
2021-04-30,12.26,12.53,12.25,12.39,12.39,500500,500500,0.13,1.06,12.39,"April 30, 21",0.0106,STKL
2021-04-29,12.66,12.74,12.34,12.58,12.58,639900,639900,-0.08,-0.63191,12.55,"April 29, 21",-0.0063191,STKL
2021-04-28,12.51,12.72,12.23,12.62,12.62,1989800,1989800,0.11,0.8793,12.52,"April 28, 21",0.008793,STKL
2021-04-27,12.33,12.51,11.93,12.39,12.39,1929200,1929200,0.06,0.48662,12.28,"April 27, 21",0.0048662,STKL
2021-04-26,13.2,13.38,12.41,12.59,12.59,2250500,2250500,-0.61,-4.62,12.79,"April 26, 21",-0.0462,STKL
2021-04-23,13.8,13.87,13.21,13.3,13.3,1394800,1394800,-0.5,-3.62,13.46,"April 23, 21",-0.0362,STKL
2021-04-22,14.13,14.13,13.68,13.81,13.81,538600,538600,-0.32,-2.26,13.87,"April 22, 21",-0.0226,STKL
2021-04-21,13.78,14.23,13.53,14.02,14.02,506000,506000,0.24,1.74,13.93,"April 21, 21",0.0174,STKL
2021-04-20,14.45,14.45,13.42,13.78,13.78,1660200,1660200,-0.67,-4.64,13.88,"April 20, 21",-0.0464,STKL
2021-04-19,14.7,14.86,14.41,14.45,14.45,471000,471000,-0.25,-1.7,14.57,"April 19, 21",-0.017,STKL
2021-04-16,15.13,15.2,14.6,14.76,14.76,453200,453200,-0.37,-2.45,14.85,"April 16, 21",-0.0245,STKL
2021-04-15,15.59,15.68,14.58,14.77,14.77,651200,651200,-0.82,-5.26,15.01,"April 15, 21",-0.0526,STKL
2021-04-14,15.25,15.8,15.18,15.53,15.53,817400,817400,0.28,1.84,15.5,"April 14, 21",0.0184,STKL
2021-04-13,15.5,15.85,15.07,15.37,15.37,529100,529100,-0.13,-0.83871,15.43,"April 13, 21",-0.0083871,STKL
2021-04-12,14.7,15.04,14.66,15.03,15.03,396900,396900,0.33,2.24,14.91,"April 12, 21",0.0224,STKL
2021-04-09,15.03,15.96,14.43,14.89,14.89,1543600,1543600,-0.14,-0.93147,15.09,"April 09, 21",-0.0093147,STKL
2021-04-08,14.67,15.16,14.63,15.14,15.14,438700,438700,0.47,3.2,14.98,"April 08, 21",0.032,STKL
2021-04-07,14.45,14.74,14.32,14.59,14.59,698600,698600,0.14,0.96886,14.55,"April 07, 21",0.0096886,STKL
2021-04-06,14.88,14.97,14.37,14.45,14.45,470000,470000,-0.43,-2.89,14.6,"April 06, 21",-0.0289,STKL
2021-04-05,14.83,15.11,14.54,14.95,14.95,351900,351900,0.12,0.80917,14.87,"April 05, 21",0.0080917,STKL
2021-04-01,14.76,15.21,14.71,14.84,14.84,515400,515400,0.08,0.54201,14.92,"April 01, 21",0.0054201,STKL
2021-03-31,14.32,14.91,14.25,14.77,14.77,564500,564500,0.45,3.14,14.64,"March 31, 21",0.0314,STKL
2021-03-30,13.98,14.34,13.89,14.25,14.25,523100,523100,0.27,1.93,14.16,"March 30, 21",0.0193,STKL
2021-03-29,14.87,15.09,13.97,14.02,14.02,764200,764200,-0.85,-5.72,14.36,"March 29, 21",-0.0572,STKL
2021-03-26,14.18,14.91,14.07,14.87,14.87,644300,644300,0.69,4.87,14.62,"March 26, 21",0.0487,STKL
2021-03-25,13.53,14.24,13.39,14.11,14.11,769400,769400,0.58,4.29,13.91,"March 25, 21",0.0429,STKL
2021-03-24,14.89,14.95,13.49,13.83,13.83,2132700,2132700,-1.06,-7.12,14.09,"March 24, 21",-0.0712,STKL
2021-03-23,15.34,15.67,14.85,14.93,14.93,527200,527200,-0.41,-2.67,15.15,"March 23, 21",-0.0267,STKL
2021-03-22,15.74,15.81,15.27,15.45,15.45,579300,579300,-0.29,-1.84,15.51,"March 22, 21",-0.0184,STKL
2021-03-19,14.7,15.85,14.64,15.65,15.65,1475500,1475500,0.95,6.46,15.38,"March 19, 21",0.0646,STKL
2021-03-18,15.15,15.3,14.49,14.61,14.61,897600,897600,-0.54,-3.56,14.8,"March 18, 21",-0.0356,STKL
2021-03-17,14.6,15.23,14.29,15.2,15.2,857400,857400,0.6,4.11,14.91,"March 17, 21",0.0411,STKL
2021-03-16,15.12,15.28,14.33,14.76,14.76,763000,763000,-0.36,-2.38,14.79,"March 16, 21",-0.0238,STKL
2021-03-15,14.33,15.5,14.22,14.93,14.93,1211200,1211200,0.6,4.19,14.88,"March 15, 21",0.0419,STKL
2021-03-12,13.71,14.34,13.6,14.22,14.22,719600,719600,0.51,3.72,14.05,"March 12, 21",0.0372,STKL
2021-03-11,13.38,13.78,13.15,13.73,13.73,1098900,1098900,0.35,2.62,13.55,"March 11, 21",0.0262,STKL
2021-03-10,13.09,13.6,13.09,13.13,13.13,1849000,1849000,0.04,0.30558,13.27,"March 10, 21",0.0030558,STKL
2021-03-09,13.78,13.85,13.07,13.19,13.19,1524200,1524200,-0.59,-4.28,13.37,"March 09, 21",-0.0428,STKL
2021-03-08,13.92,14.11,13.24,13.31,13.31,1373500,1373500,-0.61,-4.38,13.55,"March 08, 21",-0.0438,STKL
2021-03-05,13.4,14.14,12.36,14.08,14.08,2850100,2850100,0.68,5.07,13.53,"March 05, 21",0.0507,STKL
2021-03-04,14.03,14.47,13.31,13.4,13.4,1982600,1982600,-0.63,-4.49,13.73,"March 04, 21",-0.0449,STKL
2021-03-03,14.57,15.09,13.65,13.8,13.8,2631300,2631300,-0.77,-5.28,14.18,"March 03, 21",-0.0528,STKL
2021-03-02,15.63,15.87,15.32,15.38,15.38,661200,661200,-0.25,-1.6,15.52,"March 02, 21",-0.016,STKL
2021-03-01,15.69,16.0,15.35,15.76,15.76,1703000,1703000,0.07,0.44614,15.7,"March 01, 21",0.0044614,STKL
2021-02-26,14.77,15.72,14.68,15.54,15.54,1129300,1129300,0.77,5.21,15.31,"February 26, 21",0.0521,STKL
2021-02-25,15.18,15.3,14.71,14.96,14.96,1347400,1347400,-0.22,-1.45,14.99,"February 25, 21",-0.0145,STKL
2021-02-24,15.39,15.74,15.06,15.15,15.15,1105600,1105600,-0.24,-1.56,15.32,"February 24, 21",-0.0156,STKL
2021-02-23,14.75,15.26,13.34,15.2,15.2,2700600,2700600,0.45,3.05,14.6,"February 23, 21",0.0305,STKL
2021-02-22,15.85,16.17,15.53,15.54,15.54,743800,743800,-0.31,-1.96,15.75,"February 22, 21",-0.0196,STKL
2021-02-19,15.87,16.61,15.54,16.2,16.2,1476800,1476800,0.33,2.08,16.12,"February 19, 21",0.0208,STKL
2021-02-18,15.59,15.96,15.32,15.78,15.78,1242200,1242200,0.19,1.22,15.69,"February 18, 21",0.0122,STKL
2021-02-17,15.72,16.19,15.38,15.84,15.84,687500,687500,0.12,0.76336,15.8,"February 17, 21",0.0076336,STKL
2021-02-16,16.35,16.65,15.94,15.95,15.95,929100,929100,-0.4,-2.45,16.18,"February 16, 21",-0.0245,STKL
2021-02-12,16.79,16.79,16.03,16.16,16.16,554100,554100,-0.63,-3.75,16.33,"February 12, 21",-0.0375,STKL
2021-02-11,16.87,17.07,16.11,16.52,16.52,1080500,1080500,-0.35,-2.07,16.57,"February 11, 21",-0.0207,STKL
2021-02-10,16.13,16.55,15.62,16.47,16.47,962600,962600,0.34,2.11,16.21,"February 10, 21",0.0211,STKL
2021-02-09,15.96,16.18,15.18,16.11,16.11,1125000,1125000,0.15,0.93985,15.82,"February 09, 21",0.0093985,STKL
2021-02-08,15.83,16.38,15.62,15.97,15.97,1309800,1309800,0.14,0.8844,15.99,"February 08, 21",0.008844,STKL
2021-02-05,16.41,16.5,15.67,15.82,15.82,1250700,1250700,-0.59,-3.6,16.0,"February 05, 21",-0.036,STKL
2021-02-04,16.35,16.58,15.81,16.29,16.29,1160200,1160200,-0.06,-0.36697,16.23,"February 04, 21",-0.0036697,STKL
2021-02-03,15.95,16.31,15.55,16.25,16.25,1049800,1049800,0.3,1.88,16.04,"February 03, 21",0.0188,STKL
2021-02-02,15.59,15.81,14.96,15.69,15.69,1084200,1084200,0.1,0.64144,15.49,"February 02, 21",0.0064144,STKL
2021-02-01,14.46,15.69,14.34,15.49,15.49,1533600,1533600,1.03,7.12,15.17,"February 01, 21",0.0712,STKL
2021-01-29,14.36,15.18,14.06,14.18,14.18,1226000,1226000,-0.18,-1.25,14.47,"January 29, 21",-0.0125,STKL
2021-01-28,13.68,14.51,13.5,14.42,14.42,1289300,1289300,0.74,5.41,14.14,"January 28, 21",0.0541,STKL
2021-01-27,13.71,14.09,13.46,13.71,13.71,1052700,1052700,0.0,0.0,13.75,"January 27, 21",0.0,STKL
2021-01-26,14.1,14.32,13.91,14.04,14.04,1551200,1551200,-0.06,-0.42553,14.09,"January 26, 21",-0.0042553,STKL
2021-01-25,13.12,14.02,12.98,14.01,14.01,1853600,1853600,0.89,6.78,13.67,"January 25, 21",0.0678,STKL
2021-01-22,13.0,13.09,12.34,13.07,13.07,1193500,1193500,0.07,0.53846,12.83,"January 22, 21",0.0053846,STKL
2021-01-21,12.31,13.12,11.92,12.96,12.96,1738500,1738500,0.65,5.28,12.67,"January 21, 21",0.0528,STKL
2021-01-20,12.43,12.54,12.16,12.33,12.33,874300,874300,-0.1,-0.80451,12.34,"January 20, 21",-0.0080451,STKL
2021-01-19,12.33,12.67,12.17,12.35,12.35,1044400,1044400,0.02,0.16221,12.4,"January 19, 21",0.0016221,STKL
2021-01-15,12.88,12.88,11.91,12.08,12.08,828100,828100,-0.8,-6.21,12.29,"January 15, 21",-0.0621,STKL
2021-01-14,11.5,12.81,11.38,12.74,12.74,2030600,2030600,1.24,10.78,12.31,"January 14, 21",0.1078,STKL
2021-01-13,11.73,11.88,11.38,11.53,11.53,827800,827800,-0.2,-1.71,11.6,"January 13, 21",-0.0171,STKL
2021-01-12,12.26,12.26,11.75,11.77,11.77,477500,477500,-0.49,-4.0,11.93,"January 12, 21",-0.04,STKL
2021-01-11,12.57,12.76,11.67,12.05,12.05,779200,779200,-0.52,-4.14,12.16,"January 11, 21",-0.0414,STKL
2021-01-08,13.14,13.16,11.94,12.48,12.48,1359900,1359900,-0.66,-5.02,12.53,"January 08, 21",-0.0502,STKL
2021-01-07,12.23,12.88,12.21,12.54,12.54,956300,956300,0.31,2.53,12.54,"January 07, 21",0.0253,STKL
2021-01-06,11.84,12.37,11.72,11.96,11.96,1052600,1052600,0.12,1.01,12.02,"January 06, 21",0.0101,STKL
2021-01-05,11.01,11.69,10.63,11.67,11.67,1516000,1516000,0.66,5.99,11.33,"January 05, 21",0.0599,STKL
2021-01-04,11.83,11.94,11.05,11.19,11.19,1142300,1142300,-0.64,-5.41,11.39,"January 04, 21",-0.0541,STKL
2020-12-31,11.42,11.76,11.31,11.67,11.67,524700,524700,0.25,2.19,11.58,"December 31, 20",0.0219,STKL
2020-12-30,11.12,11.46,11.04,11.36,11.36,730400,730400,0.24,2.16,11.29,"December 30, 20",0.0216,STKL
2020-12-29,11.08,11.18,10.84,11.07,11.07,848400,848400,-0.01,-0.09025271,11.03,"December 29, 20",-0.0009025271,STKL
2020-12-28,11.17,11.55,10.85,11.08,11.08,1058700,1058700,-0.09,-0.80573,11.16,"December 28, 20",-0.0080573,STKL
2020-12-24,10.5,10.73,10.38,10.7,10.7,414000,414000,0.2,1.9,10.6,"December 24, 20",0.019,STKL
2020-12-23,10.55,10.81,10.35,10.49,10.49,572100,572100,-0.06,-0.56872,10.55,"December 23, 20",-0.0056872,STKL
2020-12-22,10.1,10.69,10.07,10.47,10.47,1219700,1219700,0.37,3.66,10.41,"December 22, 20",0.0366,STKL
2020-12-21,9.67,10.12,9.62,10.03,10.03,876700,876700,0.36,3.72,9.92,"December 21, 20",0.0372,STKL
2020-12-18,10.0,10.16,9.89,9.91,9.91,700000,700000,-0.09,-0.9,9.99,"December 18, 20",-0.009,STKL
2020-12-17,10.11,10.19,9.82,10.04,10.04,749000,749000,-0.07,-0.69238,10.02,"December 17, 20",-0.0069238,STKL
2020-12-16,10.16,10.3,9.99,10.08,10.08,561200,561200,-0.08,-0.7874,10.12,"December 16, 20",-0.007874,STKL
2020-12-15,10.05,10.13,9.78,10.06,10.06,1024400,1024400,0.01,0.09950249,9.99,"December 15, 20",0.0009950249,STKL
2020-12-14,10.38,10.41,9.98,10.04,10.04,474400,474400,-0.34,-3.28,10.14,"December 14, 20",-0.0328,STKL
2020-12-11,10.31,10.45,9.94,10.32,10.32,632200,632200,0.01,0.09699321,10.24,"December 11, 20",0.0009699321,STKL
2020-12-10,10.09,10.51,10.02,10.34,10.34,1367300,1367300,0.25,2.48,10.29,"December 10, 20",0.0248,STKL
2020-12-09,10.1,10.27,9.75,9.89,9.89,663600,663600,-0.21,-2.08,9.97,"December 09, 20",-0.0208,STKL
2020-12-08,9.81,10.0,9.7,9.88,9.88,398400,398400,0.07,0.71356,9.86,"December 08, 20",0.0071356,STKL
2020-12-07,9.93,9.98,9.62,9.81,9.81,353300,353300,-0.12,-1.21,9.8,"December 07, 20",-0.0121,STKL
2020-12-04,10.28,10.41,9.89,9.95,9.95,520800,520800,-0.33,-3.21,10.08,"December 04, 20",-0.0321,STKL
2020-12-03,10.05,10.34,9.99,10.22,10.22,822600,822600,0.17,1.69,10.18,"December 03, 20",0.0169,STKL
2020-12-02,10.0,10.23,9.97,10.01,10.01,627500,627500,0.01,0.1,10.07,"December 02, 20",0.001,STKL
2020-12-01,10.2,10.28,9.8,10.14,10.14,1042000,1042000,-0.06,-0.58824,10.07,"December 01, 20",-0.0058824,STKL
2020-11-30,9.31,10.19,9.31,10.17,10.17,3152400,3152400,0.86,9.24,9.89,"November 30, 20",0.0924,STKL
2020-11-27,9.2,9.35,8.93,9.25,9.25,708600,708600,0.05,0.54348,9.18,"November 27, 20",0.0054348,STKL
2020-11-25,9.1,9.27,8.99,9.09,9.09,649900,649900,-0.01,-0.10989,9.12,"November 25, 20",-0.0010989,STKL
2020-11-24,9.24,9.3,8.8,9.15,9.15,1039600,1039600,-0.09,-0.97403,9.08,"November 24, 20",-0.0097403,STKL
2020-11-23,9.13,9.26,9.07,9.21,9.21,421800,421800,0.08,0.87623,9.18,"November 23, 20",0.0087623,STKL
2020-11-20,9.26,9.4,9.01,9.03,9.03,508500,508500,-0.23,-2.48,9.15,"November 20, 20",-0.0248,STKL
2020-11-19,9.26,9.36,8.96,9.24,9.24,701600,701600,-0.02,-0.21598,9.19,"November 19, 20",-0.0021598,STKL
2020-11-18,9.04,9.49,8.99,9.21,9.21,968700,968700,0.17,1.88,9.23,"November 18, 20",0.0188,STKL
2020-11-17,9.0,9.15,8.93,8.99,8.99,931600,931600,-0.01,-0.11111,9.02,"November 17, 20",-0.0011111,STKL
2020-11-16,9.0,9.05,8.36,8.96,8.96,828000,828000,-0.04,-0.44444,8.79,"November 16, 20",-0.0044444,STKL
2020-11-13,8.5,8.92,8.34,8.86,8.86,707400,707400,0.36,4.24,8.71,"November 13, 20",0.0424,STKL
2020-11-12,7.95,8.59,7.95,8.47,8.47,1130300,1130300,0.52,6.54,8.34,"November 12, 20",0.0654,STKL
2020-11-11,7.26,7.92,7.13,7.91,7.91,1753000,1753000,0.65,8.95,7.65,"November 11, 20",0.0895,STKL
2020-11-10,7.09,7.53,6.79,7.22,7.22,937800,937800,0.13,1.83,7.18,"November 10, 20",0.0183,STKL
2020-11-09,7.5,7.5,6.71,6.72,6.72,576900,576900,-0.78,-10.4,6.98,"November 09, 20",-0.104,STKL
2020-11-06,7.28,7.36,7.11,7.21,7.21,234000,234000,-0.07,-0.96154,7.23,"November 06, 20",-0.0096154,STKL
2020-11-05,7.01,7.28,6.98,7.25,7.25,335300,335300,0.24,3.42,7.17,"November 05, 20",0.0342,STKL
2020-11-04,7.28,7.34,6.86,6.9,6.9,607300,607300,-0.38,-5.22,7.03,"November 04, 20",-0.0522,STKL
2020-11-03,6.89,7.27,6.74,7.17,7.17,899000,899000,0.28,4.06,7.06,"November 03, 20",0.0406,STKL
2020-11-02,6.88,7.05,6.65,6.78,6.78,488300,488300,-0.1,-1.45,6.83,"November 02, 20",-0.0145,STKL
2020-10-30,6.98,7.34,6.78,6.86,6.86,967200,967200,-0.12,-1.72,6.99,"October 30, 20",-0.0172,STKL
2020-10-29,7.4,7.43,6.3,7.03,7.03,2038100,2038100,-0.37,-5.0,6.92,"October 29, 20",-0.05,STKL
2020-10-28,7.67,7.67,7.29,7.41,7.41,628200,628200,-0.26,-3.39,7.46,"October 28, 20",-0.0339,STKL
2020-10-27,7.52,7.84,7.43,7.79,7.79,513500,513500,0.27,3.59,7.69,"October 27, 20",0.0359,STKL
2020-10-26,7.76,7.85,7.4,7.46,7.46,549600,549600,-0.3,-3.87,7.57,"October 26, 20",-0.0387,STKL
2020-10-23,7.74,7.9,7.64,7.83,7.83,245300,245300,0.09,1.16,7.79,"October 23, 20",0.0116,STKL
2020-10-22,7.61,7.9,7.6,7.75,7.75,655400,655400,0.14,1.84,7.75,"October 22, 20",0.0184,STKL
2020-10-21,7.83,7.83,7.57,7.69,7.69,718200,718200,-0.14,-1.79,7.7,"October 21, 20",-0.0179,STKL
2020-10-20,7.95,8.0,7.64,7.78,7.78,809200,809200,-0.17,-2.14,7.81,"October 20, 20",-0.0214,STKL
2020-10-19,7.76,7.94,7.63,7.89,7.89,905600,905600,0.13,1.68,7.82,"October 19, 20",0.0168,STKL
2020-10-16,7.9,8.17,7.64,7.78,7.78,1068500,1068500,-0.12,-1.52,7.86,"October 16, 20",-0.0152,STKL
2020-10-15,7.59,7.86,7.44,7.85,7.85,1166600,1166600,0.26,3.43,7.72,"October 15, 20",0.0343,STKL
2020-10-14,7.97,7.98,7.61,7.78,7.78,1056300,1056300,-0.19,-2.38,7.79,"October 14, 20",-0.0238,STKL
2020-10-13,7.88,7.97,7.8,7.94,7.94,233800,233800,0.06,0.76142,7.9,"October 13, 20",0.0076142,STKL
2020-10-12,8.0,8.05,7.81,7.93,7.93,286500,286500,-0.07,-0.875,7.93,"October 12, 20",-0.00875,STKL
2020-10-09,7.9,7.94,7.69,7.93,7.93,250300,250300,0.03,0.37975,7.85,"October 09, 20",0.0037975,STKL
2020-10-08,7.89,7.95,7.76,7.8,7.8,283200,283200,-0.09,-1.14,7.84,"October 08, 20",-0.0114,STKL
2020-10-07,7.72,8.04,7.68,7.81,7.81,472600,472600,0.09,1.17,7.84,"October 07, 20",0.0117,STKL
2020-10-06,7.66,7.82,7.57,7.65,7.65,280400,280400,-0.01,-0.13055,7.68,"October 06, 20",-0.0013055,STKL
2020-10-05,7.64,7.68,7.5,7.68,7.68,276000,276000,0.04,0.52356,7.62,"October 05, 20",0.0052356,STKL
2020-10-02,7.55,7.76,7.5,7.6,7.6,299100,299100,0.05,0.66225,7.62,"October 02, 20",0.0066225,STKL
2020-10-01,7.53,7.78,7.49,7.78,7.78,470200,470200,0.25,3.32,7.68,"October 01, 20",0.0332,STKL
2020-09-30,7.51,7.91,7.38,7.42,7.42,809500,809500,-0.09,-1.2,7.57,"September 30, 20",-0.012,STKL
2020-09-29,7.52,7.54,7.3,7.51,7.51,379900,379900,-0.01,-0.13298,7.45,"September 29, 20",-0.0013298,STKL
2020-09-28,7.48,7.6,7.4,7.56,7.56,724800,724800,0.08,1.07,7.52,"September 28, 20",0.0107,STKL
2020-09-25,6.8,7.38,6.8,7.34,7.34,543100,543100,0.54,7.94,7.17,"September 25, 20",0.0794,STKL
2020-09-24,7.18,7.18,6.79,6.91,6.91,716700,716700,-0.27,-3.76,6.96,"September 24, 20",-0.0376,STKL
2020-09-23,7.34,7.67,7.18,7.18,7.18,936900,936900,-0.16,-2.18,7.34,"September 23, 20",-0.0218,STKL
2020-09-22,7.45,7.5,7.13,7.32,7.32,346300,346300,-0.13,-1.74,7.32,"September 22, 20",-0.0174,STKL
2020-09-21,7.21,7.39,7.02,7.39,7.39,387700,387700,0.18,2.5,7.27,"September 21, 20",0.025,STKL
2020-09-18,6.91,7.3,6.84,7.17,7.17,369900,369900,0.26,3.76,7.1,"September 18, 20",0.0376,STKL
2020-09-17,7.1,7.1,6.8,6.84,6.84,343000,343000,-0.26,-3.66,6.91,"September 17, 20",-0.0366,STKL
2020-09-16,7.39,7.42,6.8,6.99,6.99,672400,672400,-0.4,-5.41,7.07,"September 16, 20",-0.0541,STKL
2020-09-15,7.1,7.71,7.1,7.33,7.33,1308400,1308400,0.23,3.24,7.38,"September 15, 20",0.0324,STKL
2020-09-14,6.92,7.08,6.86,7.05,7.05,231800,231800,0.13,1.88,7.0,"September 14, 20",0.0188,STKL
2020-09-11,6.83,6.99,6.75,6.88,6.88,267400,267400,0.05,0.73206,6.87,"September 11, 20",0.0073206,STKL
2020-09-10,7.02,7.15,6.74,6.78,6.78,436900,436900,-0.24,-3.42,6.89,"September 10, 20",-0.0342,STKL
2020-09-09,6.59,7.08,6.59,7.01,7.01,391800,391800,0.42,6.37,6.89,"September 09, 20",0.0637,STKL
2020-09-08,6.63,6.74,6.53,6.59,6.59,456500,456500,-0.04,-0.60332,6.62,"September 08, 20",-0.0060332,STKL
2020-09-04,6.95,6.97,6.53,6.78,6.78,516100,516100,-0.17,-2.45,6.76,"September 04, 20",-0.0245,STKL
2020-09-03,7.29,7.4,6.89,6.96,6.96,528900,528900,-0.33,-4.53,7.08,"September 03, 20",-0.0453,STKL
2020-09-02,7.12,7.29,6.92,7.27,7.27,627600,627600,0.15,2.11,7.16,"September 02, 20",0.0211,STKL
2020-09-01,6.8,7.13,6.72,7.12,7.12,347400,347400,0.32,4.71,6.99,"September 01, 20",0.0471,STKL
2020-08-31,6.78,6.83,6.63,6.8,6.8,299200,299200,0.02,0.29499,6.75,"August 31, 20",0.0029499,STKL
2020-08-28,6.8,6.87,6.71,6.79,6.79,183700,183700,-0.01,-0.14706,6.79,"August 28, 20",-0.0014706,STKL
2020-08-27,7.0,7.13,6.67,6.79,6.79,396000,396000,-0.21,-3.0,6.86,"August 27, 20",-0.03,STKL
2020-08-26,6.5,7.31,6.5,6.99,6.99,636100,636100,0.49,7.54,6.93,"August 26, 20",0.0754,STKL
2020-08-25,6.85,6.87,6.5,6.67,6.67,1096400,1096400,-0.18,-2.63,6.68,"August 25, 20",-0.0263,STKL
2020-08-24,6.87,6.88,6.41,6.75,6.75,1071800,1071800,-0.12,-1.75,6.68,"August 24, 20",-0.0175,STKL
2020-08-21,7.04,7.09,6.71,6.78,6.78,453400,453400,-0.26,-3.69,6.86,"August 21, 20",-0.0369,STKL
2020-08-20,6.81,7.3,6.77,7.09,7.09,1180400,1180400,0.28,4.11,7.05,"August 20, 20",0.0411,STKL
2020-08-19,6.89,7.05,6.76,6.81,6.81,340200,340200,-0.08,-1.16,6.87,"August 19, 20",-0.0116,STKL
2020-08-18,6.99,7.0,6.68,6.88,6.88,3590500,3590500,-0.11,-1.57,6.85,"August 18, 20",-0.0157,STKL
2020-08-17,6.8,7.05,6.8,6.96,6.96,430800,430800,0.16,2.35,6.94,"August 17, 20",0.0235,STKL
2020-08-14,6.78,6.8,6.53,6.78,6.78,307500,307500,0.0,0.0,6.7,"August 14, 20",0.0,STKL
2020-08-13,6.5,6.78,6.5,6.69,6.69,306800,306800,0.19,2.92,6.66,"August 13, 20",0.0292,STKL
2020-08-12,6.3,6.54,6.25,6.51,6.51,446400,446400,0.21,3.33,6.43,"August 12, 20",0.0333,STKL
2020-08-11,6.27,6.44,6.25,6.3,6.3,516200,516200,0.03,0.47847,6.33,"August 11, 20",0.0047847,STKL
2020-08-10,6.34,6.53,6.25,6.33,6.33,369200,369200,-0.01,-0.15773,6.37,"August 10, 20",-0.0015773,STKL
2020-08-07,6.54,6.65,6.26,6.33,6.33,439200,439200,-0.21,-3.21,6.41,"August 07, 20",-0.0321,STKL
2020-08-06,6.62,6.97,6.55,6.6,6.6,369400,369400,-0.02,-0.30211,6.71,"August 06, 20",-0.0030211,STKL
2020-08-05,7.53,7.62,6.0,6.57,6.57,2127900,2127900,-0.96,-12.75,6.73,"August 05, 20",-0.1275,STKL
2020-08-04,7.03,7.17,6.92,7.16,7.16,648500,648500,0.13,1.85,7.08,"August 04, 20",0.0185,STKL
2020-08-03,6.6,7.27,6.6,7.1,7.1,899900,899900,0.5,7.58,6.99,"August 03, 20",0.0758,STKL
2020-07-31,6.82,6.87,6.31,6.58,6.58,788000,788000,-0.24,-3.52,6.59,"July 31, 20",-0.0352,STKL
2020-07-30,6.56,6.88,6.4,6.82,6.82,531400,531400,0.26,3.96,6.7,"July 30, 20",0.0396,STKL
2020-07-29,6.65,6.71,6.51,6.68,6.68,1122500,1122500,0.03,0.45113,6.63,"July 29, 20",0.0045113,STKL
2020-07-28,6.07,6.64,6.03,6.5,6.5,1048100,1048100,0.43,7.08,6.39,"July 28, 20",0.0708,STKL
2020-07-27,5.79,6.21,5.77,5.99,5.99,628500,628500,0.2,3.45,5.99,"July 27, 20",0.0345,STKL
2020-07-24,5.68,5.87,5.58,5.69,5.69,621400,621400,0.01,0.17606,5.71,"July 24, 20",0.0017606,STKL
2020-07-23,5.25,5.84,5.24,5.7,5.7,1389400,1389400,0.45,8.57,5.59,"July 23, 20",0.0857,STKL
2020-07-22,5.0,5.23,4.93,5.22,5.22,638900,638900,0.22,4.4,5.13,"July 22, 20",0.044,STKL
2020-07-21,4.75,4.92,4.75,4.78,4.78,222800,222800,0.03,0.63158,4.82,"July 21, 20",0.0063158,STKL
2020-07-20,4.66,4.77,4.6,4.71,4.71,364900,364900,0.05,1.07,4.69,"July 20, 20",0.0107,STKL
2020-07-17,4.71,4.87,4.64,4.72,4.72,374600,374600,0.01,0.21231,4.74,"July 17, 20",0.0021231,STKL
2020-07-16,4.54,4.74,4.53,4.74,4.74,185500,185500,0.2,4.41,4.67,"July 16, 20",0.0441,STKL
2020-07-15,4.7,4.71,4.55,4.6,4.6,407700,407700,-0.1,-2.13,4.62,"July 15, 20",-0.0213,STKL
2020-07-14,4.69,4.7,4.38,4.64,4.64,555700,555700,-0.05,-1.07,4.57,"July 14, 20",-0.0107,STKL
2020-07-13,4.99,5.05,4.7,4.76,4.76,404400,404400,-0.23,-4.61,4.84,"July 13, 20",-0.0461,STKL
2020-07-10,4.88,4.93,4.72,4.91,4.91,324900,324900,0.03,0.61475,4.85,"July 10, 20",0.0061475,STKL
2020-07-09,5.21,5.25,4.57,4.73,4.73,776200,776200,-0.48,-9.21,4.85,"July 09, 20",-0.0921,STKL
2020-07-08,4.84,5.48,4.84,5.19,5.19,1532500,1532500,0.35,7.23,5.17,"July 08, 20",0.0723,STKL
2020-07-07,4.76,4.84,4.65,4.81,4.81,764000,764000,0.05,1.05,4.77,"July 07, 20",0.0105,STKL
2020-07-06,4.8,4.91,4.73,4.78,4.78,412300,412300,-0.02,-0.41667,4.81,"July 06, 20",-0.0041667,STKL
2020-07-02,4.72,4.88,4.66,4.8,4.8,295000,295000,0.08,1.69,4.78,"July 02, 20",0.0169,STKL
2020-07-01,4.72,4.79,4.52,4.63,4.63,179500,179500,-0.09,-1.91,4.65,"July 01, 20",-0.0191,STKL
2020-06-30,4.77,4.85,4.69,4.7,4.7,298100,298100,-0.07,-1.47,4.75,"June 30, 20",-0.0147,STKL
2020-06-29,4.65,4.87,4.57,4.77,4.77,326300,326300,0.12,2.58,4.74,"June 29, 20",0.0258,STKL
2020-06-26,4.54,4.8,4.49,4.68,4.68,609500,609500,0.14,3.08,4.66,"June 26, 20",0.0308,STKL
2020-06-25,4.64,4.69,4.51,4.6,4.6,378200,378200,-0.04,-0.86207,4.6,"June 25, 20",-0.0086207,STKL
2020-06-24,4.7,4.75,4.57,4.67,4.67,270400,270400,-0.03,-0.6383,4.66,"June 24, 20",-0.006383,STKL
2020-06-23,4.85,4.87,4.64,4.76,4.76,278800,278800,-0.09,-1.86,4.76,"June 23, 20",-0.0186,STKL
2020-06-22,4.69,4.86,4.51,4.86,4.86,1478800,1478800,0.17,3.62,4.74,"June 22, 20",0.0362,STKL
2020-06-19,4.6,4.78,4.56,4.72,4.72,479700,479700,0.12,2.61,4.69,"June 19, 20",0.0261,STKL
2020-06-18,4.56,4.61,4.43,4.54,4.54,226800,226800,-0.02,-0.4386,4.53,"June 18, 20",-0.004386,STKL
2020-06-17,4.92,5.0,4.53,4.59,4.59,362700,362700,-0.33,-6.71,4.71,"June 17, 20",-0.0671,STKL
2020-06-16,4.77,5.04,4.63,4.88,4.88,2236400,2236400,0.11,2.31,4.85,"June 16, 20",0.0231,STKL
2020-06-15,4.33,4.63,4.31,4.53,4.53,560600,560600,0.2,4.62,4.49,"June 15, 20",0.0462,STKL
2020-06-12,4.44,4.72,4.3,4.51,4.51,1704800,1704800,0.07,1.58,4.51,"June 12, 20",0.0158,STKL
2020-06-11,4.87,4.87,4.3,4.45,4.45,2189900,2189900,-0.42,-8.62,4.54,"June 11, 20",-0.0862,STKL
2020-06-10,4.95,5.16,4.75,5.07,5.07,2859500,2859500,0.12,2.42,4.99,"June 10, 20",0.0242,STKL
2020-06-09,5.0,5.02,4.63,4.95,4.95,952900,952900,-0.05,-1.0,4.87,"June 09, 20",-0.01,STKL
2020-06-08,4.94,5.2,4.76,5.05,5.05,1284000,1284000,0.11,2.23,5.0,"June 08, 20",0.0223,STKL
2020-06-05,5.0,5.08,4.84,4.98,4.98,625100,625100,-0.02,-0.4,4.97,"June 05, 20",-0.004,STKL
2020-06-04,5.13,5.14,4.86,4.93,4.93,1007900,1007900,-0.2,-3.9,4.98,"June 04, 20",-0.039,STKL
2020-06-03,5.21,5.34,4.72,4.9,4.9,1194300,1194300,-0.31,-5.95,4.99,"June 03, 20",-0.0595,STKL
2020-06-02,4.65,5.45,4.62,5.04,5.04,2429100,2429100,0.39,8.39,5.04,"June 02, 20",0.0839,STKL
2020-06-01,4.68,4.78,4.36,4.64,4.64,920500,920500,-0.04,-0.8547,4.59,"June 01, 20",-0.008547,STKL
2020-05-29,4.15,5.05,4.15,4.69,4.69,1416800,1416800,0.54,13.01,4.63,"May 29, 20",0.1301,STKL
2020-05-28,4.4,4.41,4.12,4.19,4.19,580800,580800,-0.21,-4.77,4.24,"May 28, 20",-0.0477,STKL
2020-05-27,4.22,4.47,4.07,4.43,4.43,585900,585900,0.21,4.98,4.32,"May 27, 20",0.0498,STKL
2020-05-26,3.95,4.3,3.85,4.17,4.17,962800,962800,0.22,5.57,4.11,"May 26, 20",0.0557,STKL
2020-05-22,3.9,3.9,3.69,3.84,3.84,405100,405100,-0.06,-1.54,3.81,"May 22, 20",-0.0154,STKL
2020-05-21,3.82,3.91,3.81,3.87,3.87,846100,846100,0.05,1.31,3.86,"May 21, 20",0.0131,STKL
2020-05-20,3.77,3.84,3.67,3.82,3.82,500100,500100,0.05,1.33,3.78,"May 20, 20",0.0133,STKL
2020-05-19,3.55,3.77,3.41,3.73,3.73,510500,510500,0.18,5.07,3.64,"May 19, 20",0.0507,STKL
2020-05-18,3.81,3.82,3.53,3.58,3.58,436000,436000,-0.23,-6.04,3.64,"May 18, 20",-0.0604,STKL
2020-05-15,3.76,3.91,3.64,3.66,3.66,429000,429000,-0.1,-2.66,3.74,"May 15, 20",-0.0266,STKL
2020-05-14,3.49,3.81,3.38,3.73,3.73,550800,550800,0.24,6.88,3.64,"May 14, 20",0.0688,STKL
2020-05-13,3.96,4.08,3.32,3.6,3.6,1851000,1851000,-0.36,-9.09,3.67,"May 13, 20",-0.0909,STKL
2020-05-12,3.67,4.02,3.54,3.81,3.81,817500,817500,0.14,3.81,3.79,"May 12, 20",0.0381,STKL
2020-05-11,3.31,3.69,3.18,3.48,3.48,1651000,1651000,0.17,5.14,3.45,"May 11, 20",0.0514,STKL
2020-05-08,3.13,3.36,3.1,3.25,3.25,981700,981700,0.12,3.83,3.24,"May 08, 20",0.0383,STKL
2020-05-07,2.84,3.23,2.77,3.05,3.05,706000,706000,0.21,7.39,3.02,"May 07, 20",0.0739,STKL
2020-05-06,2.91,2.99,2.71,2.75,2.75,563500,563500,-0.16,-5.5,2.82,"May 06, 20",-0.055,STKL
2020-05-05,2.63,2.77,2.63,2.69,2.69,278100,278100,0.06,2.28,2.7,"May 05, 20",0.0228,STKL
2020-05-04,2.6,2.64,2.51,2.59,2.59,216300,216300,-0.01,-0.38462,2.58,"May 04, 20",-0.0038462,STKL
2020-05-01,2.78,2.8,2.61,2.62,2.62,309900,309900,-0.16,-5.76,2.68,"May 01, 20",-0.0576,STKL
2020-04-30,2.6,2.94,2.55,2.81,2.81,530600,530600,0.21,8.08,2.77,"April 30, 20",0.0808,STKL
2020-04-29,2.7,2.74,2.61,2.66,2.66,505800,505800,-0.04,-1.48,2.67,"April 29, 20",-0.0148,STKL
2020-04-28,2.74,2.79,2.68,2.69,2.69,310800,310800,-0.05,-1.82,2.72,"April 28, 20",-0.0182,STKL
2020-04-27,2.79,2.83,2.7,2.7,2.7,410200,410200,-0.09,-3.23,2.74,"April 27, 20",-0.0323,STKL
2020-04-24,2.72,2.82,2.67,2.69,2.69,776500,776500,-0.03,-1.1,2.73,"April 24, 20",-0.011,STKL
2020-04-23,2.57,2.74,2.56,2.67,2.67,676200,676200,0.1,3.89,2.66,"April 23, 20",0.0389,STKL
2020-04-22,2.59,2.65,2.47,2.52,2.52,755100,755100,-0.07,-2.7,2.55,"April 22, 20",-0.027,STKL
2020-04-21,2.37,2.6,2.32,2.56,2.56,500700,500700,0.19,8.02,2.49,"April 21, 20",0.0802,STKL
2020-04-20,2.29,2.43,2.25,2.38,2.38,551100,551100,0.09,3.93,2.35,"April 20, 20",0.0393,STKL
2020-04-17,2.17,2.32,2.13,2.26,2.26,472100,472100,0.09,4.15,2.24,"April 17, 20",0.0415,STKL
2020-04-16,2.09,2.23,1.97,2.11,2.11,320400,320400,0.02,0.95694,2.1,"April 16, 20",0.0095694,STKL
2020-04-15,2.18,2.22,1.99,2.03,2.03,222600,222600,-0.15,-6.88,2.08,"April 15, 20",-0.0688,STKL
2020-04-14,2.16,2.4,2.1,2.18,2.18,417400,417400,0.02,0.92593,2.23,"April 14, 20",0.0092593,STKL
2020-04-13,1.97,2.08,1.83,2.03,2.03,238700,238700,0.06,3.05,1.98,"April 13, 20",0.0305,STKL
2020-04-09,1.96,2.07,1.83,1.87,1.87,355900,355900,-0.09,-4.59,1.92,"April 09, 20",-0.0459,STKL
2020-04-08,1.85,1.95,1.83,1.87,1.87,199400,199400,0.02,1.08,1.88,"April 08, 20",0.0108,STKL
2020-04-07,1.84,1.9,1.8,1.81,1.81,241500,241500,-0.03,-1.63,1.84,"April 07, 20",-0.0163,STKL
2020-04-06,1.72,1.84,1.66,1.75,1.75,270500,270500,0.03,1.74,1.75,"April 06, 20",0.0174,STKL
2020-04-03,1.72,1.76,1.64,1.7,1.7,221600,221600,-0.02,-1.16,1.7,"April 03, 20",-0.0116,STKL
2020-04-02,1.7,1.75,1.63,1.71,1.71,121800,121800,0.01,0.58824,1.7,"April 02, 20",0.0058824,STKL
2020-04-01,1.73,1.75,1.61,1.67,1.67,235000,235000,-0.06,-3.47,1.68,"April 01, 20",-0.0347,STKL
2020-03-31,1.73,1.86,1.68,1.72,1.72,313000,313000,-0.01,-0.57803,1.75,"March 31, 20",-0.0057803,STKL
2020-03-30,1.77,1.78,1.68,1.71,1.71,152200,152200,-0.06,-3.39,1.72,"March 30, 20",-0.0339,STKL
2020-03-27,1.85,1.9,1.65,1.77,1.77,471000,471000,-0.08,-4.32,1.77,"March 27, 20",-0.0432,STKL
2020-03-26,1.74,1.9,1.73,1.84,1.84,552100,552100,0.1,5.75,1.82,"March 26, 20",0.0575,STKL
2020-03-25,1.73,1.85,1.69,1.74,1.74,372200,372200,0.01,0.57803,1.76,"March 25, 20",0.0057803,STKL
2020-03-24,1.65,1.72,1.61,1.66,1.66,294700,294700,0.01,0.60606,1.66,"March 24, 20",0.0060606,STKL
2020-03-23,1.85,1.87,1.5,1.5,1.5,269700,269700,-0.35,-18.92,1.62,"March 23, 20",-0.1892,STKL
2020-03-20,2.02,2.06,1.7,1.8,1.8,732800,732800,-0.22,-10.89,1.85,"March 20, 20",-0.1089,STKL
2020-03-19,1.74,2.18,1.74,1.9,1.9,2070400,2070400,0.16,9.2,1.94,"March 19, 20",0.092,STKL
2020-03-18,1.38,1.65,1.33,1.65,1.65,453700,453700,0.27,19.57,1.54,"March 18, 20",0.1957,STKL
2020-03-17,1.76,1.85,1.55,1.56,1.56,348100,348100,-0.2,-11.36,1.65,"March 17, 20",-0.1136,STKL
2020-03-16,2.0,2.0,1.73,1.73,1.73,380900,380900,-0.27,-13.5,1.82,"March 16, 20",-0.135,STKL
2020-03-13,1.99,2.18,1.96,2.11,2.11,162800,162800,0.12,6.03,2.08,"March 13, 20",0.0603,STKL
2020-03-12,1.95,2.1,1.83,1.86,1.86,453400,453400,-0.09,-4.62,1.93,"March 12, 20",-0.0462,STKL
2020-03-11,2.3,2.32,2.0,2.05,2.05,198300,198300,-0.25,-10.87,2.12,"March 11, 20",-0.1087,STKL
2020-03-10,2.5,2.53,2.1,2.32,2.32,428300,428300,-0.18,-7.2,2.32,"March 10, 20",-0.072,STKL
2020-03-09,2.8,2.84,2.48,2.48,2.48,232900,232900,-0.32,-11.43,2.6,"March 09, 20",-0.1143,STKL
2020-03-06,2.94,3.05,2.88,2.95,2.95,505700,505700,0.01,0.34014,2.96,"March 06, 20",0.0034014,STKL
2020-03-05,2.81,2.98,2.81,2.96,2.96,565600,565600,0.15,5.34,2.92,"March 05, 20",0.0534,STKL
2020-03-04,2.88,2.96,2.75,2.9,2.9,614900,614900,0.02,0.69444,2.87,"March 04, 20",0.0069444,STKL
2020-03-03,2.84,3.0,2.76,2.82,2.82,498400,498400,-0.02,-0.70423,2.86,"March 03, 20",-0.0070423,STKL
2020-03-02,2.71,2.93,2.54,2.82,2.82,521400,521400,0.11,4.06,2.76,"March 02, 20",0.0406,STKL
2020-02-28,2.58,2.74,2.41,2.7,2.7,578800,578800,0.12,4.65,2.62,"February 28, 20",0.0465,STKL
2020-02-27,2.23,2.81,2.17,2.7,2.7,813700,813700,0.47,21.08,2.56,"February 27, 20",0.2108,STKL
2020-02-26,2.27,2.41,2.2,2.38,2.38,364100,364100,0.11,4.85,2.33,"February 26, 20",0.0485,STKL
2020-02-25,2.49,2.49,2.23,2.27,2.27,382800,382800,-0.22,-8.84,2.33,"February 25, 20",-0.0884,STKL
2020-02-24,2.65,2.68,2.44,2.47,2.47,265800,265800,-0.18,-6.79,2.53,"February 24, 20",-0.0679,STKL
2020-02-21,2.76,2.76,2.67,2.69,2.69,200600,200600,-0.07,-2.54,2.71,"February 21, 20",-0.0254,STKL
2020-02-20,2.74,2.8,2.66,2.75,2.75,220200,220200,0.01,0.36496,2.74,"February 20, 20",0.0036496,STKL
2020-02-19,2.71,2.84,2.7,2.73,2.73,376800,376800,0.02,0.73801,2.76,"February 19, 20",0.0073801,STKL
2020-02-18,2.7,2.8,2.66,2.7,2.7,261000,261000,0.0,0.0,2.72,"February 18, 20",0.0,STKL
2020-02-14,2.72,2.75,2.67,2.7,2.7,214100,214100,-0.02,-0.73529,2.71,"February 14, 20",-0.0073529,STKL
2020-02-13,2.72,2.73,2.64,2.71,2.71,230300,230300,-0.01,-0.36765,2.69,"February 13, 20",-0.0036765,STKL
2020-02-12,2.74,2.79,2.61,2.74,2.74,559700,559700,0.0,0.0,2.71,"February 12, 20",0.0,STKL
2020-02-11,2.71,2.86,2.69,2.71,2.71,790300,790300,0.0,0.0,2.75,"February 11, 20",0.0,STKL
2020-02-10,2.72,2.76,2.66,2.71,2.71,388400,388400,-0.01,-0.36765,2.71,"February 10, 20",-0.0036765,STKL
2020-02-07,2.88,2.9,2.7,2.73,2.73,352500,352500,-0.15,-5.21,2.78,"February 07, 20",-0.0521,STKL
2020-02-06,2.84,3.0,2.78,2.92,2.92,380100,380100,0.08,2.82,2.9,"February 06, 20",0.0282,STKL
2020-02-05,2.76,2.85,2.57,2.8,2.8,687600,687600,0.04,1.45,2.74,"February 05, 20",0.0145,STKL
2020-02-04,2.7,2.82,2.63,2.71,2.71,382600,382600,0.01,0.37037,2.72,"February 04, 20",0.0037037,STKL
2020-02-03,2.66,2.74,2.61,2.7,2.7,164900,164900,0.04,1.5,2.68,"February 03, 20",0.015,STKL
2020-01-31,2.45,2.72,2.37,2.7,2.7,442900,442900,0.25,10.2,2.6,"January 31, 20",0.102,STKL
2020-01-30,2.67,2.89,2.42,2.45,2.45,606000,606000,-0.22,-8.24,2.59,"January 30, 20",-0.0824,STKL
2020-01-29,2.72,2.74,2.67,2.68,2.68,223900,223900,-0.04,-1.47,2.7,"January 29, 20",-0.0147,STKL
2020-01-28,2.76,2.8,2.69,2.75,2.75,184700,184700,-0.01,-0.36232,2.75,"January 28, 20",-0.0036232,STKL
2020-01-27,2.8,2.86,2.72,2.74,2.74,208500,208500,-0.06,-2.14,2.77,"January 27, 20",-0.0214,STKL
2020-01-24,2.91,2.93,2.82,2.82,2.82,129800,129800,-0.09,-3.09,2.86,"January 24, 20",-0.0309,STKL
2020-01-23,2.93,2.97,2.85,2.9,2.9,113300,113300,-0.03,-1.02,2.91,"January 23, 20",-0.0102,STKL
2020-01-22,2.96,2.98,2.91,2.95,2.95,139000,139000,-0.01,-0.33784,2.95,"January 22, 20",-0.0033784,STKL
2020-01-21,3.01,3.05,2.93,2.96,2.96,157600,157600,-0.05,-1.66,2.98,"January 21, 20",-0.0166,STKL
2020-01-17,3.13,3.27,3.02,3.04,3.04,484400,484400,-0.09,-2.88,3.11,"January 17, 20",-0.0288,STKL
2020-01-16,2.91,3.24,2.9,3.13,3.13,387400,387400,0.22,7.56,3.09,"January 16, 20",0.0756,STKL
2020-01-15,2.78,2.98,2.74,2.92,2.92,200700,200700,0.14,5.04,2.88,"January 15, 20",0.0504,STKL
2020-01-14,2.79,2.85,2.72,2.78,2.78,295800,295800,-0.01,-0.35842,2.78,"January 14, 20",-0.0035842,STKL
2020-01-13,2.74,2.82,2.64,2.78,2.78,133800,133800,0.04,1.46,2.75,"January 13, 20",0.0146,STKL
2020-01-10,2.92,2.94,2.71,2.72,2.72,189300,189300,-0.2,-6.85,2.79,"January 10, 20",-0.0685,STKL
2020-01-09,2.89,3.08,2.8,2.9,2.9,321600,321600,0.01,0.34602,2.93,"January 09, 20",0.0034602,STKL
2020-01-08,2.59,2.86,2.58,2.85,2.85,241400,241400,0.26,10.04,2.76,"January 08, 20",0.1004,STKL
2020-01-07,2.46,2.62,2.4,2.58,2.58,185600,185600,0.12,4.88,2.53,"January 07, 20",0.0488,STKL
2020-01-06,2.45,2.49,2.38,2.48,2.48,92100,92100,0.03,1.22,2.45,"January 06, 20",0.0122,STKL
2020-01-03,2.5,2.56,2.36,2.44,2.44,427800,427800,-0.06,-2.4,2.45,"January 03, 20",-0.024,STKL
2020-01-02,2.5,2.56,2.45,2.54,2.54,241100,241100,0.04,1.6,2.52,"January 02, 20",0.016,STKL
2019-12-31,2.45,2.61,2.45,2.5,2.5,455300,455300,0.05,2.04,2.52,"December 31, 19",0.0204,STKL
2019-12-30,2.49,2.54,2.44,2.47,2.47,358900,358900,-0.02,-0.80321,2.48,"December 30, 19",-0.0080321,STKL
2019-12-27,2.52,2.6,2.48,2.49,2.49,234300,234300,-0.03,-1.19,2.52,"December 27, 19",-0.0119,STKL
2019-12-26,2.54,2.54,2.5,2.53,2.53,103800,103800,-0.01,-0.3937,2.52,"December 26, 19",-0.003937,STKL
2019-12-24,2.55,2.58,2.5,2.54,2.54,48600,48600,-0.01,-0.39216,2.54,"December 24, 19",-0.0039216,STKL
2019-12-23,2.65,2.65,2.54,2.58,2.58,247700,247700,-0.07,-2.64,2.59,"December 23, 19",-0.0264,STKL
2019-12-20,2.51,2.7,2.49,2.65,2.65,347100,347100,0.14,5.58,2.61,"December 20, 19",0.0558,STKL
2019-12-19,2.6,2.62,2.4,2.53,2.53,423100,423100,-0.07,-2.69,2.52,"December 19, 19",-0.0269,STKL
2019-12-18,2.68,2.72,2.59,2.61,2.61,259500,259500,-0.07,-2.61,2.64,"December 18, 19",-0.0261,STKL
2019-12-17,2.72,2.78,2.65,2.71,2.71,222200,222200,-0.01,-0.36765,2.71,"December 17, 19",-0.0036765,STKL
2019-12-16,2.59,2.8,2.57,2.73,2.73,320300,320300,0.14,5.41,2.7,"December 16, 19",0.0541,STKL
2019-12-13,2.6,2.66,2.49,2.57,2.57,136200,136200,-0.03,-1.15,2.57,"December 13, 19",-0.0115,STKL
2019-12-12,2.6,2.64,2.55,2.62,2.62,184700,184700,0.02,0.76923,2.6,"December 12, 19",0.0076923,STKL
2019-12-11,2.54,2.66,2.51,2.59,2.59,115300,115300,0.05,1.97,2.59,"December 11, 19",0.0197,STKL
2019-12-10,2.63,2.72,2.51,2.55,2.55,155500,155500,-0.08,-3.04,2.59,"December 10, 19",-0.0304,STKL
2019-12-09,2.46,2.64,2.37,2.63,2.63,316100,316100,0.17,6.91,2.55,"December 09, 19",0.0691,STKL
2019-12-06,2.56,2.67,2.46,2.46,2.46,426300,426300,-0.1,-3.91,2.53,"December 06, 19",-0.0391,STKL
2019-12-05,2.69,2.69,2.56,2.59,2.59,226300,226300,-0.1,-3.72,2.61,"December 05, 19",-0.0372,STKL
2019-12-04,2.65,2.74,2.62,2.68,2.68,256900,256900,0.03,1.13,2.68,"December 04, 19",0.0113,STKL
2019-12-03,2.74,2.74,2.61,2.66,2.66,270300,270300,-0.08,-2.92,2.67,"December 03, 19",-0.0292,STKL
2019-12-02,2.92,2.93,2.73,2.76,2.76,239500,239500,-0.16,-5.48,2.81,"December 02, 19",-0.0548,STKL
2019-11-29,2.77,2.93,2.71,2.9,2.9,191000,191000,0.13,4.69,2.85,"November 29, 19",0.0469,STKL
2019-11-27,2.65,2.72,2.56,2.7,2.7,156800,156800,0.05,1.89,2.66,"November 27, 19",0.0189,STKL
2019-11-26,2.7,2.77,2.62,2.67,2.67,422700,422700,-0.03,-1.11,2.69,"November 26, 19",-0.0111,STKL
2019-11-25,2.69,2.84,2.58,2.76,2.76,264100,264100,0.07,2.6,2.73,"November 25, 19",0.026,STKL
2019-11-22,2.65,2.76,2.63,2.7,2.7,187800,187800,0.05,1.89,2.7,"November 22, 19",0.0189,STKL
2019-11-21,2.74,2.74,2.56,2.67,2.67,354900,354900,-0.07,-2.55,2.66,"November 21, 19",-0.0255,STKL
2019-11-20,2.8,2.9,2.71,2.76,2.76,201500,201500,-0.04,-1.43,2.79,"November 20, 19",-0.0143,STKL
2019-11-19,2.71,2.92,2.64,2.86,2.86,363800,363800,0.15,5.54,2.81,"November 19, 19",0.0554,STKL
2019-11-18,2.75,2.81,2.66,2.68,2.68,285400,285400,-0.07,-2.55,2.72,"November 18, 19",-0.0255,STKL
2019-11-15,2.65,2.87,2.54,2.7,2.7,503500,503500,0.05,1.89,2.7,"November 15, 19",0.0189,STKL
2019-11-14,2.51,2.66,2.5,2.57,2.57,332300,332300,0.06,2.39,2.58,"November 14, 19",0.0239,STKL
2019-11-13,2.57,2.62,2.43,2.51,2.51,534600,534600,-0.06,-2.33,2.52,"November 13, 19",-0.0233,STKL
2019-11-12,2.57,2.75,2.51,2.53,2.53,531700,531700,-0.04,-1.56,2.6,"November 12, 19",-0.0156,STKL
2019-11-11,2.52,2.69,2.51,2.65,2.65,450800,450800,0.13,5.16,2.62,"November 11, 19",0.0516,STKL
2019-11-08,2.34,2.65,2.25,2.58,2.58,915700,915700,0.24,10.26,2.49,"November 08, 19",0.1026,STKL
2019-11-07,2.49,2.52,2.26,2.3,2.3,761800,761800,-0.19,-7.63,2.36,"November 07, 19",-0.0763,STKL
2019-11-06,2.16,2.47,2.03,2.44,2.44,650100,650100,0.28,12.96,2.31,"November 06, 19",0.1296,STKL
2019-11-05,2.29,2.32,1.97,2.02,2.02,762500,762500,-0.27,-11.79,2.1,"November 05, 19",-0.1179,STKL
2019-11-04,2.14,2.26,2.03,2.23,2.23,477800,477800,0.09,4.21,2.17,"November 04, 19",0.0421,STKL
2019-11-01,1.93,2.25,1.89,2.14,2.14,746400,746400,0.21,10.88,2.09,"November 01, 19",0.1088,STKL
2019-10-31,1.89,1.97,1.83,1.91,1.91,433200,433200,0.02,1.06,1.9,"October 31, 19",0.0106,STKL
2019-10-30,1.8,1.91,1.74,1.87,1.87,423100,423100,0.07,3.89,1.84,"October 30, 19",0.0389,STKL
2019-10-29,1.76,1.83,1.64,1.82,1.82,325600,325600,0.06,3.41,1.76,"October 29, 19",0.0341,STKL
2019-10-28,1.9,1.9,1.74,1.76,1.76,296600,296600,-0.14,-7.37,1.8,"October 28, 19",-0.0737,STKL
2019-10-25,1.6,1.86,1.6,1.84,1.84,337500,337500,0.24,15.0,1.77,"October 25, 19",0.15,STKL
2019-10-24,1.79,1.79,1.63,1.7,1.7,532000,532000,-0.09,-5.03,1.71,"October 24, 19",-0.0503,STKL
2019-10-23,1.85,1.85,1.6,1.74,1.74,871100,871100,-0.11,-5.95,1.73,"October 23, 19",-0.0595,STKL
2019-10-22,1.5,1.84,1.44,1.81,1.81,1520400,1520400,0.31,20.67,1.7,"October 22, 19",0.2067,STKL
2019-10-21,1.38,1.5,1.3,1.49,1.49,3947300,3947300,0.11,7.97,1.43,"October 21, 19",0.0797,STKL
2019-10-18,1.4,1.44,1.3,1.35,1.35,587000,587000,-0.05,-3.57,1.36,"October 18, 19",-0.0357,STKL
2019-10-17,1.37,1.42,1.35,1.4,1.4,372900,372900,0.03,2.19,1.39,"October 17, 19",0.0219,STKL
2019-10-16,1.3,1.39,1.3,1.36,1.36,249800,249800,0.06,4.62,1.35,"October 16, 19",0.0462,STKL
2019-10-15,1.41,1.46,1.34,1.36,1.36,188100,188100,-0.05,-3.55,1.39,"October 15, 19",-0.0355,STKL
2019-10-14,1.49,1.5,1.39,1.4,1.4,212000,212000,-0.09,-6.04,1.43,"October 14, 19",-0.0604,STKL
2019-10-11,1.5,1.53,1.47,1.49,1.49,267100,267100,-0.01,-0.66667,1.5,"October 11, 19",-0.0066667,STKL
2019-10-10,1.46,1.57,1.43,1.5,1.5,398500,398500,0.04,2.74,1.5,"October 10, 19",0.0274,STKL
2019-10-09,1.48,1.53,1.44,1.45,1.45,326200,326200,-0.03,-2.03,1.47,"October 09, 19",-0.0203,STKL
2019-10-08,1.62,1.62,1.46,1.47,1.47,342800,342800,-0.15,-9.26,1.52,"October 08, 19",-0.0926,STKL
2019-10-07,1.6,1.66,1.54,1.55,1.55,535200,535200,-0.05,-3.13,1.58,"October 07, 19",-0.0313,STKL
2019-10-04,1.47,1.64,1.45,1.63,1.63,1240800,1240800,0.16,10.88,1.57,"October 04, 19",0.1088,STKL
2019-10-03,1.61,1.61,1.42,1.56,1.56,910100,910100,-0.05,-3.11,1.53,"October 03, 19",-0.0311,STKL
2019-10-02,1.6,1.73,1.57,1.6,1.6,914700,914700,0.0,0.0,1.63,"October 02, 19",0.0,STKL
2019-10-01,1.8,1.88,1.62,1.63,1.63,568200,568200,-0.17,-9.44,1.71,"October 01, 19",-0.0944,STKL
2019-09-30,2.0,2.01,1.79,1.8,1.8,657400,657400,-0.2,-10.0,1.87,"September 30, 19",-0.1,STKL
2019-09-27,2.04,2.07,1.96,1.97,1.97,1209700,1209700,-0.07,-3.43,2.0,"September 27, 19",-0.0343,STKL
2019-09-26,2.17,2.19,2.04,2.04,2.04,136400,136400,-0.13,-5.99,2.09,"September 26, 19",-0.0599,STKL
2019-09-25,2.23,2.26,2.12,2.13,2.13,163700,163700,-0.1,-4.48,2.17,"September 25, 19",-0.0448,STKL
2019-09-24,2.29,2.3,2.19,2.21,2.21,134700,134700,-0.08,-3.49,2.23,"September 24, 19",-0.0349,STKL
2019-09-23,2.1,2.34,2.09,2.29,2.29,210400,210400,0.19,9.05,2.24,"September 23, 19",0.0905,STKL
2019-09-20,2.13,2.15,2.04,2.13,2.13,345400,345400,0.0,0.0,2.11,"September 20, 19",0.0,STKL
2019-09-19,2.2,2.2,2.1,2.1,2.1,191000,191000,-0.1,-4.55,2.13,"September 19, 19",-0.0455,STKL
2019-09-18,2.28,2.3,2.17,2.18,2.18,233600,233600,-0.1,-4.39,2.22,"September 18, 19",-0.0439,STKL
2019-09-17,2.36,2.38,2.26,2.27,2.27,188400,188400,-0.09,-3.81,2.3,"September 17, 19",-0.0381,STKL
2019-09-16,2.46,2.51,2.38,2.39,2.39,323800,323800,-0.07,-2.85,2.43,"September 16, 19",-0.0285,STKL
2019-09-13,2.44,2.54,2.37,2.45,2.45,2059900,2059900,0.01,0.40984,2.45,"September 13, 19",0.0040984,STKL
2019-09-12,2.41,2.59,2.33,2.41,2.41,830700,830700,0.0,0.0,2.44,"September 12, 19",0.0,STKL
2019-09-11,2.4,2.48,2.38,2.45,2.45,214900,214900,0.05,2.08,2.44,"September 11, 19",0.0208,STKL
2019-09-10,2.28,2.46,2.28,2.41,2.41,346700,346700,0.13,5.7,2.38,"September 10, 19",0.057,STKL
2019-09-09,2.36,2.36,2.28,2.28,2.28,148900,148900,-0.08,-3.39,2.31,"September 09, 19",-0.0339,STKL
2019-09-06,2.53,2.53,2.31,2.32,2.32,266900,266900,-0.21,-8.3,2.39,"September 06, 19",-0.083,STKL
2019-09-05,2.57,2.64,2.41,2.52,2.52,581900,581900,-0.05,-1.95,2.52,"September 05, 19",-0.0195,STKL
2019-09-04,2.37,2.64,2.35,2.53,2.53,276200,276200,0.16,6.75,2.51,"September 04, 19",0.0675,STKL
2019-09-03,2.3,2.4,2.29,2.38,2.38,193700,193700,0.08,3.48,2.36,"September 03, 19",0.0348,STKL
2019-08-30,2.35,2.39,2.3,2.3,2.3,214900,214900,-0.05,-2.13,2.33,"August 30, 19",-0.0213,STKL
2019-08-29,2.36,2.38,2.3,2.36,2.36,170500,170500,0.0,0.0,2.35,"August 29, 19",0.0,STKL
2019-08-28,2.33,2.39,2.32,2.35,2.35,154500,154500,0.02,0.85837,2.35,"August 28, 19",0.0085837,STKL
2019-08-27,2.38,2.38,2.31,2.34,2.34,313400,313400,-0.04,-1.68,2.34,"August 27, 19",-0.0168,STKL
2019-08-26,2.36,2.44,2.36,2.39,2.39,131100,131100,0.03,1.27,2.4,"August 26, 19",0.0127,STKL
2019-08-23,2.4,2.47,2.36,2.36,2.36,314600,314600,-0.04,-1.67,2.4,"August 23, 19",-0.0167,STKL
2019-08-22,2.38,2.45,2.33,2.43,2.43,150800,150800,0.05,2.1,2.4,"August 22, 19",0.021,STKL
2019-08-21,2.44,2.44,2.29,2.34,2.34,201300,201300,-0.1,-4.1,2.36,"August 21, 19",-0.041,STKL
2019-08-20,2.23,2.46,2.12,2.42,2.42,819200,819200,0.19,8.52,2.33,"August 20, 19",0.0852,STKL
2019-08-19,2.2,2.26,2.16,2.22,2.22,784100,784100,0.02,0.90909,2.21,"August 19, 19",0.0090909,STKL
2019-08-16,2.19,2.2,2.06,2.17,2.17,463800,463800,-0.02,-0.91324,2.14,"August 16, 19",-0.0091324,STKL
2019-08-15,2.2,2.25,2.1,2.2,2.2,384100,384100,0.0,0.0,2.18,"August 15, 19",0.0,STKL
2019-08-14,2.1,2.2,2.0,2.18,2.18,933900,933900,0.08,3.81,2.13,"August 14, 19",0.0381,STKL
2019-08-13,2.19,2.19,2.0,2.08,2.08,893100,893100,-0.11,-5.02,2.09,"August 13, 19",-0.0502,STKL
2019-08-12,2.21,2.32,2.16,2.2,2.2,558700,558700,-0.01,-0.45249,2.23,"August 12, 19",-0.0045249,STKL
2019-08-09,2.15,2.3,1.98,2.26,2.26,1649300,1649300,0.11,5.12,2.18,"August 09, 19",0.0512,STKL
2019-08-08,2.36,2.46,2.13,2.16,2.16,713100,713100,-0.2,-8.47,2.25,"August 08, 19",-0.0847,STKL
2019-08-07,2.61,2.61,2.26,2.35,2.35,841900,841900,-0.26,-9.96,2.41,"August 07, 19",-0.0996,STKL
2019-08-06,2.66,2.79,2.63,2.65,2.65,348200,348200,-0.01,-0.37594,2.69,"August 06, 19",-0.0037594,STKL
2019-08-05,2.72,2.72,2.59,2.69,2.69,151200,151200,-0.03,-1.1,2.67,"August 05, 19",-0.011,STKL
2019-08-02,2.81,2.83,2.65,2.74,2.74,178700,178700,-0.07,-2.49,2.74,"August 02, 19",-0.0249,STKL
2019-08-01,2.84,2.93,2.79,2.82,2.82,164900,164900,-0.02,-0.70423,2.85,"August 01, 19",-0.0070423,STKL
2019-07-31,2.85,2.95,2.8,2.85,2.85,145200,145200,0.0,0.0,2.87,"July 31, 19",0.0,STKL
2019-07-30,2.82,2.88,2.73,2.86,2.86,232000,232000,0.04,1.42,2.82,"July 30, 19",0.0142,STKL
2019-07-29,2.74,2.87,2.71,2.84,2.84,134000,134000,0.1,3.65,2.81,"July 29, 19",0.0365,STKL
2019-07-26,2.82,2.87,2.73,2.73,2.73,232100,232100,-0.09,-3.19,2.78,"July 26, 19",-0.0319,STKL
2019-07-25,3.0,3.02,2.8,2.81,2.81,246700,246700,-0.19,-6.33,2.88,"July 25, 19",-0.0633,STKL
2019-07-24,3.03,3.05,2.96,3.0,3.0,203900,203900,-0.03,-0.9901,3.0,"July 24, 19",-0.009901,STKL
2019-07-23,3.0,3.1,2.97,3.05,3.05,86700,86700,0.05,1.67,3.04,"July 23, 19",0.0167,STKL
2019-07-22,3.04,3.06,2.93,2.99,2.99,165100,165100,-0.05,-1.64,2.99,"July 22, 19",-0.0164,STKL
2019-07-19,3.05,3.1,3.03,3.05,3.05,55000,55000,0.0,0.0,3.06,"July 19, 19",0.0,STKL
2019-07-18,3.07,3.11,3.02,3.07,3.07,60600,60600,0.0,0.0,3.07,"July 18, 19",0.0,STKL
2019-07-17,3.13,3.13,2.97,3.07,3.07,418500,418500,-0.06,-1.92,3.06,"July 17, 19",-0.0192,STKL
2019-07-16,3.11,3.12,3.07,3.1,3.1,175500,175500,-0.01,-0.32154,3.1,"July 16, 19",-0.0032154,STKL
2019-07-15,3.08,3.23,3.07,3.12,3.12,264400,264400,0.04,1.3,3.14,"July 15, 19",0.013,STKL
2019-07-12,3.21,3.22,3.08,3.08,3.08,364400,364400,-0.13,-4.05,3.13,"July 12, 19",-0.0405,STKL
2019-07-11,3.37,3.4,3.19,3.22,3.22,269300,269300,-0.15,-4.45,3.27,"July 11, 19",-0.0445,STKL
2019-07-10,3.49,3.53,3.36,3.37,3.37,104100,104100,-0.12,-3.44,3.42,"July 10, 19",-0.0344,STKL
2019-07-09,3.45,3.66,3.45,3.48,3.48,215500,215500,0.03,0.86957,3.53,"July 09, 19",0.0086957,STKL
2019-07-08,3.55,3.58,3.43,3.5,3.5,157800,157800,-0.05,-1.41,3.5,"July 08, 19",-0.0141,STKL
2019-07-05,3.24,3.62,3.15,3.62,3.62,488300,488300,0.38,11.73,3.46,"July 05, 19",0.1173,STKL
2019-07-03,3.23,3.26,3.13,3.24,3.24,259900,259900,0.01,0.3096,3.21,"July 03, 19",0.003096,STKL
2019-07-02,3.25,3.33,3.17,3.25,3.25,467000,467000,0.0,0.0,3.25,"July 02, 19",0.0,STKL
2019-07-01,3.37,3.43,3.23,3.25,3.25,192500,192500,-0.12,-3.56,3.3,"July 01, 19",-0.0356,STKL
2019-06-28,3.21,3.33,3.12,3.29,3.29,530300,530300,0.08,2.49,3.25,"June 28, 19",0.0249,STKL
2019-06-27,3.19,3.23,3.15,3.18,3.18,254800,254800,-0.01,-0.31348,3.19,"June 27, 19",-0.0031348,STKL
2019-06-26,3.17,3.24,3.15,3.19,3.19,317300,317300,0.02,0.63091,3.19,"June 26, 19",0.0063091,STKL
2019-06-25,3.22,3.23,3.13,3.15,3.15,271200,271200,-0.07,-2.17,3.17,"June 25, 19",-0.0217,STKL
2019-06-24,3.25,3.29,3.15,3.24,3.24,293100,293100,-0.01,-0.30769,3.23,"June 24, 19",-0.0030769,STKL
2019-06-21,3.5,3.51,3.26,3.27,3.27,311000,311000,-0.23,-6.57,3.35,"June 21, 19",-0.0657,STKL
2019-06-20,3.53,3.53,3.44,3.49,3.49,357200,357200,-0.04,-1.13,3.49,"June 20, 19",-0.0113,STKL
2019-06-19,3.56,3.59,3.42,3.51,3.51,260700,260700,-0.05,-1.4,3.51,"June 19, 19",-0.014,STKL
2019-06-18,3.65,3.69,3.52,3.59,3.59,332600,332600,-0.06,-1.64,3.6,"June 18, 19",-0.0164,STKL
2019-06-17,3.67,3.68,3.59,3.64,3.64,274700,274700,-0.03,-0.81744,3.64,"June 17, 19",-0.0081744,STKL
2019-06-14,3.72,3.73,3.62,3.69,3.69,189100,189100,-0.03,-0.80645,3.68,"June 14, 19",-0.0080645,STKL
2019-06-13,3.74,3.77,3.67,3.72,3.72,133100,133100,-0.02,-0.53476,3.72,"June 13, 19",-0.0053476,STKL
2019-06-12,3.79,3.87,3.72,3.74,3.74,165100,165100,-0.05,-1.32,3.78,"June 12, 19",-0.0132,STKL
2019-06-11,3.8,3.84,3.76,3.82,3.82,229600,229600,0.02,0.52632,3.81,"June 11, 19",0.0052632,STKL
2019-06-10,3.75,3.89,3.69,3.8,3.8,304800,304800,0.05,1.33,3.79,"June 10, 19",0.0133,STKL
2019-06-07,3.86,3.93,3.66,3.75,3.75,288400,288400,-0.11,-2.85,3.78,"June 07, 19",-0.0285,STKL
2019-06-06,3.94,4.07,3.84,3.85,3.85,349100,349100,-0.09,-2.28,3.92,"June 06, 19",-0.0228,STKL
2019-06-05,4.0,4.02,3.84,3.95,3.95,366700,366700,-0.05,-1.25,3.94,"June 05, 19",-0.0125,STKL
2019-06-04,3.94,4.05,3.88,3.98,3.98,327300,327300,0.04,1.02,3.97,"June 04, 19",0.0102,STKL
2019-06-03,3.82,3.88,3.73,3.84,3.84,410800,410800,0.02,0.52356,3.82,"June 03, 19",0.0052356,STKL
2019-05-31,3.93,3.94,3.78,3.81,3.81,294000,294000,-0.12,-3.05,3.84,"May 31, 19",-0.0305,STKL
2019-05-30,3.96,4.05,3.89,3.99,3.99,159000,159000,0.03,0.75758,3.98,"May 30, 19",0.0075758,STKL
2019-05-29,3.96,4.04,3.84,3.96,3.96,349900,349900,0.0,0.0,3.95,"May 29, 19",0.0,STKL
2019-05-28,4.23,4.25,3.98,4.01,4.01,346700,346700,-0.22,-5.2,4.08,"May 28, 19",-0.052,STKL
2019-05-24,4.13,4.3,4.09,4.23,4.23,309000,309000,0.1,2.42,4.21,"May 24, 19",0.0242,STKL
2019-05-23,4.28,4.31,4.1,4.14,4.14,218400,218400,-0.14,-3.27,4.18,"May 23, 19",-0.0327,STKL
2019-05-22,4.17,4.33,4.09,4.26,4.26,277300,277300,0.09,2.16,4.23,"May 22, 19",0.0216,STKL
2019-05-21,4.33,4.37,4.05,4.17,4.17,335100,335100,-0.16,-3.7,4.2,"May 21, 19",-0.037,STKL
2019-05-20,4.45,4.6,4.2,4.25,4.25,322200,322200,-0.2,-4.49,4.35,"May 20, 19",-0.0449,STKL
2019-05-17,4.38,4.72,4.34,4.51,4.51,699300,699300,0.13,2.97,4.52,"May 17, 19",0.0297,STKL
2019-05-16,4.35,4.41,4.28,4.33,4.33,223800,223800,-0.02,-0.45977,4.34,"May 16, 19",-0.0045977,STKL
2019-05-15,4.42,4.65,4.35,4.41,4.41,631100,631100,-0.01,-0.22624,4.47,"May 15, 19",-0.0022624,STKL
2019-05-14,4.17,4.39,4.16,4.31,4.31,246000,246000,0.14,3.36,4.29,"May 14, 19",0.0336,STKL
2019-05-13,4.25,4.31,4.06,4.19,4.19,359500,359500,-0.06,-1.41,4.19,"May 13, 19",-0.0141,STKL
2019-05-10,4.25,4.49,4.22,4.37,4.37,541500,541500,0.12,2.82,4.36,"May 10, 19",0.0282,STKL
2019-05-09,3.98,4.29,3.83,4.21,4.21,562800,562800,0.23,5.78,4.11,"May 09, 19",0.0578,STKL
2019-05-08,3.62,4.09,3.37,3.97,3.97,793600,793600,0.35,9.67,3.81,"May 08, 19",0.0967,STKL
2019-05-07,3.47,3.56,3.47,3.53,3.53,354900,354900,0.06,1.73,3.52,"May 07, 19",0.0173,STKL
2019-05-06,3.43,3.57,3.37,3.53,3.53,181000,181000,0.1,2.92,3.49,"May 06, 19",0.0292,STKL
2019-05-03,3.56,3.63,3.43,3.47,3.47,255100,255100,-0.09,-2.53,3.51,"May 03, 19",-0.0253,STKL
2019-05-02,3.41,3.58,3.36,3.56,3.56,190800,190800,0.15,4.4,3.5,"May 02, 19",0.044,STKL
2019-05-01,3.55,3.56,3.41,3.44,3.44,133200,133200,-0.11,-3.1,3.47,"May 01, 19",-0.031,STKL
2019-04-30,3.55,3.61,3.48,3.55,3.55,170900,170900,0.0,0.0,3.55,"April 30, 19",0.0,STKL
2019-04-29,3.68,3.7,3.5,3.55,3.55,299500,299500,-0.13,-3.53,3.58,"April 29, 19",-0.0353,STKL
2019-04-26,3.34,3.64,3.34,3.63,3.63,265900,265900,0.29,8.68,3.54,"April 26, 19",0.0868,STKL
2019-04-25,3.24,3.38,3.18,3.36,3.36,205400,205400,0.12,3.7,3.31,"April 25, 19",0.037,STKL
2019-04-24,3.27,3.3,3.19,3.28,3.28,199800,199800,0.01,0.30581,3.26,"April 24, 19",0.0030581,STKL
2019-04-23,3.33,3.39,3.25,3.25,3.25,186300,186300,-0.08,-2.4,3.3,"April 23, 19",-0.024,STKL
2019-04-22,3.32,3.39,3.25,3.33,3.33,152100,152100,0.01,0.3012,3.32,"April 22, 19",0.003012,STKL
2019-04-18,3.25,3.35,3.19,3.3,3.3,176400,176400,0.05,1.54,3.28,"April 18, 19",0.0154,STKL
2019-04-17,3.3,3.32,3.16,3.25,3.25,421200,421200,-0.05,-1.52,3.24,"April 17, 19",-0.0152,STKL
2019-04-16,3.29,3.33,3.22,3.29,3.29,135900,135900,0.0,0.0,3.28,"April 16, 19",0.0,STKL
2019-04-15,3.41,3.41,3.26,3.29,3.29,165500,165500,-0.12,-3.52,3.32,"April 15, 19",-0.0352,STKL
2019-04-12,3.35,3.41,3.27,3.4,3.4,296900,296900,0.05,1.49,3.36,"April 12, 19",0.0149,STKL
2019-04-11,3.38,3.42,3.31,3.34,3.34,153800,153800,-0.04,-1.18,3.36,"April 11, 19",-0.0118,STKL
2019-04-10,3.37,3.44,3.33,3.41,3.41,154300,154300,0.04,1.19,3.39,"April 10, 19",0.0119,STKL
2019-04-09,3.47,3.49,3.25,3.35,3.35,341900,341900,-0.12,-3.46,3.36,"April 09, 19",-0.0346,STKL
2019-04-08,3.55,3.59,3.41,3.47,3.47,227600,227600,-0.08,-2.25,3.49,"April 08, 19",-0.0225,STKL
2019-04-05,3.61,3.67,3.54,3.58,3.58,124000,124000,-0.03,-0.83102,3.6,"April 05, 19",-0.0083102,STKL
2019-04-04,3.64,3.73,3.58,3.64,3.64,294900,294900,0.0,0.0,3.65,"April 04, 19",0.0,STKL
2019-04-03,3.68,3.76,3.62,3.64,3.64,382300,382300,-0.04,-1.09,3.67,"April 03, 19",-0.0109,STKL
2019-04-02,3.4,3.79,3.38,3.69,3.69,1319000,1319000,0.29,8.53,3.62,"April 02, 19",0.0853,STKL
2019-04-01,3.5,3.5,3.32,3.36,3.36,651000,651000,-0.14,-4.0,3.39,"April 01, 19",-0.04,STKL
2019-03-29,3.5,3.57,3.38,3.46,3.46,435100,435100,-0.04,-1.14,3.47,"March 29, 19",-0.0114,STKL
2019-03-28,3.43,3.51,3.4,3.49,3.49,149700,149700,0.06,1.75,3.47,"March 28, 19",0.0175,STKL
2019-03-27,3.53,3.57,3.4,3.44,3.44,248100,248100,-0.09,-2.55,3.47,"March 27, 19",-0.0255,STKL
2019-03-26,3.55,3.6,3.47,3.53,3.53,177900,177900,-0.02,-0.56338,3.53,"March 26, 19",-0.0056338,STKL
2019-03-25,3.52,3.56,3.39,3.53,3.53,237100,237100,0.01,0.28409,3.49,"March 25, 19",0.0028409,STKL
2019-03-22,3.56,3.6,3.41,3.5,3.5,291200,291200,-0.06,-1.69,3.5,"March 22, 19",-0.0169,STKL
2019-03-21,3.65,3.69,3.52,3.58,3.58,328600,328600,-0.07,-1.92,3.6,"March 21, 19",-0.0192,STKL
2019-03-20,3.73,3.79,3.53,3.65,3.65,238600,238600,-0.08,-2.14,3.66,"March 20, 19",-0.0214,STKL
2019-03-19,3.86,3.88,3.67,3.72,3.72,379700,379700,-0.14,-3.63,3.76,"March 19, 19",-0.0363,STKL
2019-03-18,3.58,3.85,3.52,3.79,3.79,486700,486700,0.21,5.87,3.72,"March 18, 19",0.0587,STKL
2019-03-15,3.64,3.68,3.54,3.58,3.58,370000,370000,-0.06,-1.65,3.6,"March 15, 19",-0.0165,STKL
2019-03-14,3.54,3.67,3.43,3.63,3.63,548300,548300,0.09,2.54,3.58,"March 14, 19",0.0254,STKL
2019-03-13,3.49,3.61,3.35,3.52,3.52,599200,599200,0.03,0.8596,3.49,"March 13, 19",0.008596,STKL
2019-03-12,3.77,3.93,3.42,3.51,3.51,1084600,1084600,-0.26,-6.9,3.62,"March 12, 19",-0.069,STKL
2019-03-11,3.46,3.81,3.45,3.77,3.77,1290700,1290700,0.31,8.96,3.68,"March 11, 19",0.0896,STKL
2019-03-08,3.19,3.64,3.17,3.52,3.52,969200,969200,0.33,10.34,3.44,"March 08, 19",0.1034,STKL
2019-03-07,3.42,3.44,3.16,3.27,3.27,1078300,1078300,-0.15,-4.39,3.29,"March 07, 19",-0.0439,STKL
2019-03-06,3.39,3.53,3.3,3.37,3.37,1143300,1143300,-0.02,-0.58997,3.4,"March 06, 19",-0.0058997,STKL
2019-03-05,3.29,3.36,3.13,3.34,3.34,2266200,2266200,0.05,1.52,3.28,"March 05, 19",0.0152,STKL
2019-03-04,2.99,3.22,2.92,3.18,3.18,2013600,2013600,0.19,6.35,3.11,"March 04, 19",0.0635,STKL
2019-03-01,2.57,2.94,2.56,2.9,2.9,1447300,1447300,0.33,12.84,2.8,"March 01, 19",0.1284,STKL
2019-02-28,2.6,2.75,2.57,2.6,2.6,1803000,1803000,0.0,0.0,2.64,"February 28, 19",0.0,STKL
2019-02-27,2.39,2.59,2.35,2.56,2.56,4302700,4302700,0.17,7.11,2.5,"February 27, 19",0.0711,STKL
2019-02-26,3.78,3.91,2.21,2.31,2.31,9749400,9749400,-1.47,-38.89,2.81,"February 26, 19",-0.3889,STKL
2019-02-25,4.23,4.35,4.0,4.04,4.04,459000,459000,-0.19,-4.49,4.13,"February 25, 19",-0.0449,STKL
2019-02-22,4.28,4.29,4.17,4.2,4.2,313100,313100,-0.08,-1.87,4.22,"February 22, 19",-0.0187,STKL
2019-02-21,4.33,4.33,4.25,4.29,4.29,137800,137800,-0.04,-0.92379,4.29,"February 21, 19",-0.0092379,STKL
2019-02-20,4.3,4.42,4.25,4.33,4.33,178100,178100,0.03,0.69767,4.33,"February 20, 19",0.0069767,STKL
2019-02-19,4.25,4.35,4.24,4.31,4.31,77200,77200,0.06,1.41,4.3,"February 19, 19",0.0141,STKL
2019-02-15,4.25,4.35,4.22,4.26,4.26,53700,53700,0.01,0.23529,4.28,"February 15, 19",0.0023529,STKL
2019-02-14,4.18,4.27,4.18,4.24,4.24,185200,185200,0.06,1.44,4.23,"February 14, 19",0.0144,STKL
2019-02-13,4.32,4.45,4.2,4.2,4.2,199800,199800,-0.12,-2.78,4.28,"February 13, 19",-0.0278,STKL
2019-02-12,4.31,4.33,4.23,4.3,4.3,105600,105600,-0.01,-0.23202,4.29,"February 12, 19",-0.0023202,STKL
2019-02-11,4.25,4.31,4.18,4.29,4.29,176700,176700,0.04,0.94118,4.26,"February 11, 19",0.0094118,STKL
2019-02-08,4.22,4.26,4.13,4.22,4.22,272000,272000,0.0,0.0,4.2,"February 08, 19",0.0,STKL
2019-02-07,4.25,4.35,4.14,4.26,4.26,460300,460300,0.01,0.23529,4.25,"February 07, 19",0.0023529,STKL
2019-02-06,4.17,4.39,4.1,4.32,4.32,469800,469800,0.15,3.6,4.27,"February 06, 19",0.036,STKL
2019-02-05,4.16,4.21,4.09,4.16,4.16,1590300,1590300,0.0,0.0,4.15,"February 05, 19",0.0,STKL
2019-02-04,4.16,4.25,4.09,4.17,4.17,95200,95200,0.01,0.24038,4.17,"February 04, 19",0.0024038,STKL
2019-02-01,4.17,4.29,4.1,4.17,4.17,178700,178700,0.0,0.0,4.19,"February 01, 19",0.0,STKL
2019-01-31,4.09,4.19,4.07,4.16,4.16,123100,123100,0.07,1.71,4.14,"January 31, 19",0.0171,STKL
2019-01-30,4.04,4.12,4.0,4.09,4.09,124400,124400,0.05,1.24,4.07,"January 30, 19",0.0124,STKL
2019-01-29,4.06,4.1,3.88,4.0,4.0,163500,163500,-0.06,-1.48,3.99,"January 29, 19",-0.0148,STKL
2019-01-28,4.11,4.16,3.97,4.07,4.07,196500,196500,-0.04,-0.97324,4.07,"January 28, 19",-0.0097324,STKL
2019-01-25,4.27,4.27,4.1,4.14,4.14,262100,262100,-0.13,-3.04,4.17,"January 25, 19",-0.0304,STKL
2019-01-24,4.26,4.35,4.19,4.24,4.24,279000,279000,-0.02,-0.46948,4.26,"January 24, 19",-0.0046948,STKL
2019-01-23,4.11,4.33,4.07,4.25,4.25,443500,443500,0.14,3.41,4.22,"January 23, 19",0.0341,STKL
2019-01-22,4.43,4.43,4.06,4.1,4.1,367000,367000,-0.33,-7.45,4.2,"January 22, 19",-0.0745,STKL
2019-01-18,4.4,4.47,4.25,4.45,4.45,213400,213400,0.05,1.14,4.39,"January 18, 19",0.0114,STKL
2019-01-17,4.28,4.44,4.27,4.4,4.4,195500,195500,0.12,2.8,4.37,"January 17, 19",0.028,STKL
2019-01-16,4.21,4.31,4.19,4.28,4.28,167000,167000,0.07,1.66,4.26,"January 16, 19",0.0166,STKL
2019-01-15,4.21,4.25,4.16,4.19,4.19,171600,171600,-0.02,-0.47506,4.2,"January 15, 19",-0.0047506,STKL
2019-01-14,4.22,4.29,4.17,4.18,4.18,110800,110800,-0.04,-0.94787,4.21,"January 14, 19",-0.0094787,STKL
2019-01-11,4.25,4.32,4.18,4.23,4.23,146100,146100,-0.02,-0.47059,4.24,"January 11, 19",-0.0047059,STKL
2019-01-10,4.12,4.27,4.02,4.25,4.25,151000,151000,0.13,3.16,4.18,"January 10, 19",0.0316,STKL
2019-01-09,4.18,4.25,4.1,4.12,4.12,122600,122600,-0.06,-1.44,4.16,"January 09, 19",-0.0144,STKL
2019-01-08,4.25,4.27,4.16,4.17,4.17,154500,154500,-0.08,-1.88,4.2,"January 08, 19",-0.0188,STKL
2019-01-07,4.14,4.26,4.13,4.2,4.2,131300,131300,0.06,1.45,4.2,"January 07, 19",0.0145,STKL
2019-01-04,3.93,4.18,3.9,4.13,4.13,142200,142200,0.2,5.09,4.07,"January 04, 19",0.0509,STKL
2019-01-03,4.02,4.3,3.89,3.89,3.89,153300,153300,-0.13,-3.23,4.03,"January 03, 19",-0.0323,STKL
2019-01-02,3.8,4.13,3.8,4.01,4.01,175400,175400,0.21,5.53,3.98,"January 02, 19",0.0553,STKL
